10 10
0.379800 0.055700 0.564500
0.443200 0.493300 0.063500
0.986500 0.005900 0.007600
0.734800 0.121600 0.143600
0.835400 0.038600 0.126000
0.408400 0.364500 0.227100
0.546800 0.416000 0.037200
0.033000 0.193400 0.773600
0.457900 0.528200 0.013900
0.176700 0.061300 0.762000
0.976500 0.015800 0.007700
0.148700 0.388600 0.462700
0.111800 0.137800 0.750400
0.008500 0.768400 0.223100
0.574600 0.350800 0.074600
0.279600 0.709300 0.011100
0.259100 0.598700 0.142200
0.025400 0.726000 0.248600
0.329100 0.495300 0.175600
0.286100 0.018800 0.695100
