10
10 10
1 2 3 4 5 6 7 8 9 10
11 12 13 14 15 16 17 18 19 20
21 22 23 24 25 26 27 28 29 30
31 32 33 34 35 36 37 38 39 40
41 42 43 44 45 46 47 48 49 50
51 52 53 54 55 56 57 58 59 60
61 62 63 64 65 66 67 68 69 70
71 72 73 74 75 76 77 78 79 80
81 82 83 84 85 86 87 88 89 90
91 92 93 94 95 96 97 98 99 100
44 43 50 49 48 47 46 45 42 41
94 93 100 99 98 97 96 95 92 91
84 83 90 89 88 87 86 85 82 81
74 73 80 79 78 77 76 75 72 71
64 63 70 69 68 67 66 65 62 61
54 53 60 59 58 57 56 55 52 51
34 33 40 39 38 37 36 35 32 31
24 23 30 29 28 27 26 25 22 21
14 13 20 19 18 17 16 15 12 11
4 3 10 9 8 7 6 5 2 1
10 10
-346 -830 -100 -940 -1072 470 1005 1256 377 -1494
-758 -486 1155 -825 -142 -193 132 -1364 -657 -104
47 -939 -134 -531 1165 119 486 -239 748 -547
1381 843 124 -1279 344 -507 691 -151 1190 -433
-1204 -1069 -478 1451 -1453 -178 -1301 179 -1101 -458
517 446 -955 -1118 1416 -1291 -558 -658 -30 631
295 -150 -26 -1082 -987 759 -1148 1204 1049 -1459
1213 287 914 -766 237 962 -503 -623 -1419 -103
-639 -461 -1158 -94 -79 699 -944 864 -1460 526
-6 336 817 409 -305 1330 -1391 48 -25 1158
691 -507 -433 1190 -151 344 -1279 124 843 1381
486 119 -547 748 -239 1165 -531 -134 -939 47
-1391 1330 1158 -25 48 -305 409 817 336 -6
-944 699 526 -1460 864 -79 -94 -1158 -461 -639
-503 962 -103 -1419 -623 237 -766 914 287 1213
-1148 759 -1459 1049 1204 -987 -1082 -26 -150 295
-558 -1291 631 -30 -658 1416 -1118 -955 446 517
-1301 -178 -458 -1101 179 -1453 1451 -478 -1069 -1204
132 -193 -104 -657 -1364 -142 -825 1155 -486 -758
1005 470 -1494 377 1256 -1072 -940 -100 -830 -346
10 10
-970 -1372 -56 1445 1304 623 -153 -699 441 -1131
698 243 -91 -19 590 271 -820 1146 -1425 -780
-888 -989 -3 1430 920 1193 200 -30 -1319 616
-1431 1153 744 -1046 38 548 18 1385 290 -1041
696 -513 -357 -896 -1267 875 589 1379 951 251
-1009 403 689 862 -1237 -678 -1498 234 -497 619
303 1098 -1197 757 -365 851 1217 -480 -1419 -1325
657 -1491 -182 1261 -81 -1008 -424 -993 -1129 968
-301 -130 -1112 -394 134 -290 -392 -1133 -345 -1274
-389 -748 972 809 387 322 525 348 404 -359
-970 -1372 -56 -153 1304 623 1445 -699 441 -1131
698 243 -91 -820 590 271 -19 1146 -1425 -780
-1009 403 689 -1498 -1237 -678 862 234 -497 619
-1431 1153 744 18 38 548 -1046 1385 290 -1041
696 -513 -357 589 -1267 875 -896 1379 951 251
-888 -989 -3 200 920 1193 1430 -30 -1319 616
303 1098 -1197 1217 -365 851 757 -480 -1419 -1325
657 -1491 -182 -424 -81 -1008 1261 -993 -1129 968
-301 -130 -1112 -392 134 -290 -394 -1133 -345 -1274
-389 -748 972 525 387 322 809 348 404 -359
10 10
1 2 3 4 5 6 7 8 9 10
11 12 13 14 15 16 17 18 19 20
21 22 23 24 25 26 27 28 29 30
31 32 33 34 35 36 37 38 39 40
41 42 43 44 45 46 47 48 49 50
51 52 53 54 55 56 57 58 59 60
61 62 63 64 65 66 67 68 69 70
71 72 73 74 75 76 77 78 79 80
81 82 83 84 85 86 87 88 89 90
91 92 93 94 95 96 97 98 99 100
1 2 3 7 5 6 4 8 9 10
11 12 13 17 15 16 14 18 19 20
51 52 53 57 55 56 54 58 59 60
31 32 36 37 35 33 34 38 39 40
41 42 43 47 45 46 44 48 49 50
21 22 23 27 25 26 24 28 29 30
61 62 66 67 65 63 64 68 69 70
71 72 73 77 75 76 74 78 79 80
81 82 83 87 85 86 84 88 89 90
91 92 93 97 95 96 94 98 99 100
10 10
-496 413 -99 1206 773 393 -718 222 -295 691
1421 1450 -939 750 -445 -364 902 664 -1056 -944
-169 55 -1251 -698 1305 -423 66 -729 1426 911
-647 1371 -1236 -305 18 1038 -1412 -259 -241 -1266
-1069 -1380 -1316 1434 871 -1320 -431 272 844 13
-231 1117 509 -1082 -745 1095 -575 26 -39 -1165
-180 -1227 1042 1016 291 579 45 473 779 279
904 899 -596 838 -790 -415 848 982 870 -639
1192 486 311 -291 905 1066 1246 771 -1468 -1353
1107 -147 -1080 648 1310 -348 -1333 -146 -1376 946
-496 413 -99 -718 773 393 1206 222 -295 691
1421 1450 -939 902 -445 -364 750 664 -1056 -944
-231 1117 509 -575 -745 1095 -1082 26 -39 -1165
-647 1371 1042 -1412 18 579 -305 -259 -241 -1266
-1069 -1380 -1316 -431 871 -1320 1434 272 844 13
-169 55 -1251 66 1305 -423 -698 -729 1426 911
-180 -1227 -1236 45 291 1038 1016 473 779 279
904 899 -596 848 -790 -415 838 982 870 -639
1192 486 311 1246 905 1066 -291 771 -1468 -1353
1107 -147 -1080 -1333 1310 -348 648 -146 -1376 946
10 10
1 2 3 4 5 6 7 8 9 10
11 12 13 14 15 16 17 18 19 20
21 22 23 24 25 26 27 28 29 30
31 32 33 34 35 36 37 38 39 40
41 42 43 44 45 46 47 48 49 50
51 52 53 54 55 56 57 58 59 60
61 62 63 64 65 66 67 68 69 70
71 72 73 74 75 76 77 78 79 80
81 82 83 84 85 86 87 88 89 90
91 92 93 94 95 96 97 98 99 100
11 12 13 17 15 16 14 18 19 20
71 72 73 77 75 76 74 78 79 80
91 92 93 97 95 96 94 98 99 100
31 32 23 37 35 36 34 38 39 40
21 22 33 27 25 26 24 28 29 30
61 62 63 67 65 66 64 68 69 70
1 2 3 7 5 6 4 8 9 10
41 42 43 47 45 46 44 48 49 50
81 82 83 87 85 86 84 88 89 90
51 52 53 57 55 56 54 58 59 60
10 10
1 2 3 4 5 6 7 8 9 10
11 12 13 14 15 16 17 18 19 20
21 22 23 24 25 26 27 28 29 30
31 32 33 34 35 36 37 38 39 40
41 42 43 44 45 46 47 48 49 50
51 52 53 54 55 56 57 58 59 60
61 62 63 64 65 66 67 68 69 70
71 72 73 74 75 76 77 78 79 80
81 82 83 84 85 86 87 88 89 90
91 92 93 94 95 96 97 98 99 100
41 42 43 47 45 46 44 48 49 50
51 52 53 57 55 56 54 58 59 60
11 12 13 17 15 16 14 18 19 20
91 92 93 97 95 96 94 98 99 100
31 32 33 37 35 36 34 38 39 40
61 62 63 67 65 66 64 68 69 70
1 2 3 7 5 6 4 8 9 10
81 82 83 87 85 86 84 88 89 90
71 72 73 77 75 76 74 78 79 80
21 22 24 27 25 26 23 28 29 30
10 10
1 2 3 4 5 6 7 8 9 10
11 12 13 14 15 16 17 18 19 20
21 22 23 24 25 26 27 28 29 30
31 32 33 34 35 36 37 38 39 40
41 42 43 44 45 46 47 48 49 50
51 52 53 54 55 56 57 58 59 60
61 62 63 64 65 66 67 68 69 70
71 72 73 74 75 76 77 78 79 80
81 82 83 84 85 86 87 88 89 90
91 92 93 94 95 96 97 98 99 100
22 24 21 23 26 25 27 29 28 30
71 73 72 75 74 77 76 80 78 79
11 14 12 15 13 16 19 17 18 20
62 61 64 63 65 67 66 70 68 69
31 34 32 33 36 35 38 37 40 39
92 93 91 96 94 95 97 99 98 100
42 43 41 46 44 45 47 48 50 49
2 3 5 1 4 7 6 8 9 10
52 51 54 53 56 55 58 57 60 59
82 81 84 83 85 87 86 89 90 88
10 10
1 2 3 4 5 6 7 8 9 10
11 12 13 14 15 16 17 18 19 20
21 22 23 24 25 26 27 28 29 30
31 32 33 34 35 36 37 38 39 40
41 42 43 44 45 46 47 48 49 50
51 52 53 54 55 56 57 58 59 60
61 62 63 64 65 66 67 68 69 70
71 72 73 74 75 76 77 78 79 80
81 82 83 84 85 86 87 88 89 90
91 92 93 94 95 96 97 98 99 100
18 10 2 1 3 9 6 17 5 4
8 20 22 11 13 19 16 7 25 24
38 40 12 21 43 29 26 27 15 14
28 30 32 41 23 59 36 37 45 44
48 50 42 31 33 39 56 47 35 34
58 60 62 51 53 49 46 67 55 54
68 80 52 61 63 69 76 57 65 64
78 70 72 81 73 79 66 77 75 74
88 90 82 71 83 89 86 87 85 84
98 100 92 91 93 99 96 97 95 94
10 10
584 326 -273 -226 794 309 974 283 -677 63
813 -970 746 526 973 83 118 -283 -540 158
-699 120 -539 771 137 790 -51 -825 853 649
316 -265 934 -911 -472 -201 620 369 -321 -317
181 -291 986 -737 -318 68 382 -44 -345 842
-887 -486 -39 -425 -716 655 922 -209 830 331
997 -298 -934 930 -208 -849 -272 969 520 -35
-349 -299 674 -807 -36 -645 -182 903 312 474
301 -18 988 819 114 829 473 35 -381 -141
924 -827 562 990 -898 911 698 -612 879 218
181 -291 986 382 -318 68 -737 -44 -345 842
-887 -486 -39 922 -716 655 -425 -209 830 331
813 -970 746 118 973 83 526 -283 -540 158
924 -827 562 698 -898 911 990 -612 879 218
316 -265 353 620 -472 -201 -911 369 -321 -317
997 -298 -934 -272 -208 -849 930 969 520 -35
584 326 -273 974 794 309 -226 283 -677 63
301 -18 988 473 114 829 819 35 -381 -141
-349 -299 674 -182 -36 -645 -807 903 312 474
-699 120 -539 -51 137 790 771 -825 853 649
