3
5 5
1 2 3 4 5
6 7 8 9 10
11 12 13 14 15
16 17 18 19 20
21 22 23 24 25
1 4 3 2 5
6 9 8 7 10
11 14 13 12 15
16 19 18 17 20
21 24 23 22 25
5 5
1 2 3 4 5
6 7 8 9 10
11 12 13 14 15
16 17 18 19 20
21 22 23 24 25
1 2 3 4 5
6 7 8 9 10
21 22 23 24 25
16 17 18 19 20
11 12 13 14 15
5 5
1 2 3 4 5
6 7 8 9 10
11 12 13 14 15
16 17 18 19 20
21 22 23 24 25
1 2 5 3 4
6 7 10 8 9
11 12 15 13 14
21 22 25 23 24
16 17 20 18 19
