500 500
0.616500 0.146900 0.236600
0.259500 0.219800 0.520700
0.406100 0.286200 0.307700
0.288300 0.607900 0.103800
0.893600 0.066100 0.040300
0.792200 0.153100 0.054700
0.983400 0.007300 0.009300
0.056000 0.325400 0.618600
0.343400 0.506900 0.149700
0.831700 0.015300 0.153000
0.570300 0.164200 0.265500
0.826000 0.172400 0.001600
0.421000 0.280900 0.298100
0.228900 0.435500 0.335600
0.891500 0.061000 0.047500
0.579200 0.058800 0.362000
0.004500 0.225400 0.770100
0.950500 0.034200 0.015300
0.638200 0.025100 0.336700
0.307800 0.590000 0.102200
0.851900 0.128200 0.019900
0.504700 0.288200 0.207100
0.959600 0.008100 0.032300
0.454800 0.497400 0.047800
0.678100 0.278000 0.043900
0.606000 0.124100 0.269900
0.533300 0.069200 0.397500
0.698000 0.069800 0.232200
0.048900 0.224100 0.727000
0.590600 0.121100 0.288300
0.322500 0.517000 0.160500
0.655500 0.123000 0.221500
0.342600 0.568100 0.089300
0.900400 0.042300 0.057300
0.294900 0.668000 0.037100
0.489300 0.070900 0.439800
0.226300 0.203500 0.570200
0.593700 0.042400 0.363900
0.169500 0.376600 0.453900
0.259200 0.011000 0.729800
0.160900 0.514100 0.325000
0.095700 0.503700 0.400600
0.955000 0.009300 0.035700
0.857000 0.006400 0.136600
0.655700 0.158600 0.185700
0.804900 0.016900 0.178200
0.515200 0.330100 0.154700
0.667800 0.226900 0.105300
0.909500 0.083600 0.006900
0.662100 0.063200 0.274700
0.927200 0.062700 0.010100
0.770700 0.173500 0.055800
0.225800 0.514900 0.259300
0.023400 0.509500 0.467100
0.418300 0.307700 0.274000
0.760400 0.156100 0.083500
0.473400 0.335200 0.191400
0.772100 0.154100 0.073800
0.160800 0.244600 0.594600
0.425200 0.439200 0.135600
0.873200 0.060100 0.066700
0.669000 0.104400 0.226600
0.134800 0.196300 0.668900
0.282600 0.512700 0.204700
0.894900 0.020600 0.084500
0.625100 0.321800 0.053100
0.635400 0.233300 0.131300
0.182000 0.468100 0.349900
0.799700 0.196000 0.004300
0.318000 0.119600 0.562400
0.784100 0.157900 0.058000
0.000200 0.409900 0.589900
0.867200 0.059700 0.073100
0.665900 0.239300 0.094800
0.855600 0.047700 0.096700
0.893600 0.045600 0.060800
0.244600 0.051700 0.703700
0.986700 0.012100 0.001200
0.225400 0.519500 0.255100
0.364500 0.470900 0.164600
0.782700 0.169600 0.047700
0.185200 0.119200 0.695600
0.175200 0.382500 0.442300
0.951200 0.002200 0.046600
0.808600 0.155900 0.035500
0.561200 0.085700 0.353100
0.276900 0.307800 0.415300
0.665900 0.148400 0.185700
0.781100 0.013900 0.205000
0.538400 0.202400 0.259200
0.293000 0.502100 0.204900
0.227000 0.260100 0.512900
0.501200 0.426100 0.072700
0.292300 0.624400 0.083300
0.486500 0.196600 0.316900
0.423000 0.072000 0.505000
0.243900 0.214000 0.542100
0.022000 0.630800 0.347200
0.128400 0.835200 0.036400
0.227700 0.501000 0.271300
0.683200 0.188200 0.128600
0.843600 0.112200 0.044200
0.456300 0.348100 0.195600
0.812900 0.109400 0.077700
0.118700 0.697900 0.183400
0.263500 0.473100 0.263400
0.659000 0.208600 0.132400
0.759600 0.123200 0.117200
0.667100 0.308900 0.024000
0.509200 0.273300 0.217500
0.890400 0.039800 0.069800
0.336300 0.383100 0.280600
0.137600 0.745300 0.117100
0.374400 0.322100 0.303500
0.902600 0.091900 0.005500
0.806100 0.027400 0.166500
0.765300 0.146200 0.088500
0.815500 0.090400 0.094100
0.260400 0.019700 0.719900
0.694900 0.080900 0.224200
0.247400 0.379100 0.373500
0.169000 0.796900 0.034100
0.135900 0.764400 0.099700
0.746300 0.200300 0.053400
0.231200 0.073400 0.695400
0.291200 0.418700 0.290100
0.788400 0.070100 0.141500
0.733300 0.264700 0.002000
0.892700 0.082800 0.024500
0.488400 0.456100 0.055500
0.836900 0.127200 0.035900
0.402400 0.032300 0.565300
0.137300 0.218900 0.643800
0.687000 0.152000 0.161000
0.006400 0.460700 0.532900
0.486800 0.052100 0.461100
0.551700 0.162100 0.286200
0.695400 0.076300 0.228300
0.837800 0.139500 0.022700
0.364100 0.135800 0.500100
0.869700 0.103900 0.026400
0.575300 0.130300 0.294400
0.910700 0.015500 0.073800
0.058600 0.021500 0.919900
0.849300 0.098700 0.052000
0.722500 0.219300 0.058200
0.543800 0.281100 0.175100
0.930600 0.036200 0.033200
0.899100 0.014100 0.086800
0.122000 0.303000 0.575000
0.008200 0.062600 0.929200
0.285400 0.384300 0.330300
0.880400 0.049500 0.070100
0.289800 0.688200 0.022000
0.704500 0.000900 0.294600
0.711300 0.055400 0.233300
0.552600 0.140900 0.306500
0.134600 0.549800 0.315600
0.813200 0.073900 0.112900
0.784600 0.081900 0.133500
0.811700 0.043600 0.144700
0.612500 0.386900 0.000600
0.014400 0.161700 0.823900
0.396800 0.550000 0.053200
0.061200 0.182500 0.756300
0.450300 0.534800 0.014900
0.064000 0.561700 0.374300
0.555700 0.103900 0.340400
0.546300 0.025000 0.428700
0.959500 0.012200 0.028300
0.778600 0.067100 0.154300
0.531000 0.247300 0.221700
0.884500 0.081000 0.034500
0.196200 0.226900 0.576900
0.877900 0.023300 0.098800
0.198500 0.757500 0.044000
0.601400 0.107400 0.291200
0.083700 0.407200 0.509100
0.065900 0.670400 0.263700
0.281600 0.044700 0.673700
0.928200 0.064500 0.007300
0.178500 0.352100 0.469400
0.968800 0.022100 0.009100
0.237400 0.025600 0.737000
0.326400 0.092600 0.581000
0.441400 0.396600 0.162000
0.204700 0.020600 0.774700
0.488300 0.070200 0.441500
0.039900 0.803500 0.156600
0.653000 0.068000 0.279000
0.418700 0.446600 0.134700
0.062800 0.394400 0.542800
0.503900 0.304900 0.191200
0.791600 0.055900 0.152500
0.447400 0.239600 0.313000
0.710600 0.120500 0.168900
0.439000 0.074300 0.486700
0.926500 0.014300 0.059200
0.449200 0.305100 0.245700
0.362100 0.270000 0.367900
0.014900 0.112900 0.872200
0.862400 0.059000 0.078600
0.230300 0.031400 0.738300
0.445900 0.531300 0.022800
0.105000 0.301700 0.593300
0.574900 0.328500 0.096600
0.745700 0.104900 0.149400
0.508100 0.106200 0.385700
0.269000 0.671600 0.059400
0.951200 0.048700 0.000100
0.180500 0.292500 0.527000
0.454300 0.265700 0.280000
0.379300 0.301700 0.319000
0.044100 0.280000 0.675900
0.505000 0.057400 0.437600
0.436100 0.459900 0.104000
0.870100 0.026300 0.103600
0.526000 0.432200 0.041800
0.928200 0.001200 0.070600
0.358700 0.455300 0.186000
0.182700 0.719600 0.097700
0.591800 0.017000 0.391200
0.377600 0.342900 0.279500
0.139300 0.423000 0.437700
0.663600 0.038800 0.297600
0.337400 0.541700 0.120900
0.666100 0.004700 0.329200
0.757900 0.137300 0.104800
0.169500 0.047900 0.782600
0.441100 0.417200 0.141700
0.067800 0.757000 0.175200
0.887000 0.014700 0.098300
0.061300 0.568800 0.369900
0.849100 0.093600 0.057300
0.026800 0.425400 0.547800
0.656100 0.069800 0.274100
0.840100 0.045100 0.114800
0.446200 0.495500 0.058300
0.829300 0.072100 0.098600
0.377500 0.607900 0.014600
0.365500 0.168700 0.465800
0.455600 0.281400 0.263000
0.130800 0.522500 0.346700
0.682000 0.126900 0.191100
0.970700 0.016400 0.012900
0.139900 0.628300 0.231800
0.341900 0.038500 0.619600
0.234400 0.346300 0.419300
0.604700 0.038100 0.357200
0.531200 0.249000 0.219800
0.804300 0.084500 0.111200
0.135900 0.052000 0.812100
0.832000 0.013500 0.154500
0.058100 0.320100 0.621800
0.824300 0.133700 0.042000
0.670700 0.190200 0.139100
0.070000 0.092500 0.837500
0.923700 0.005600 0.070700
0.180300 0.116900 0.702800
0.038200 0.386500 0.575300
0.960700 0.036900 0.002400
0.063800 0.878200 0.058000
0.187200 0.385000 0.427800
0.196100 0.350100 0.453800
0.150900 0.389700 0.459400
0.279200 0.423300 0.297500
0.193600 0.210800 0.595600
0.347100 0.128400 0.524500
0.206800 0.331100 0.462100
0.736500 0.195500 0.068000
0.082200 0.366300 0.551500
0.559100 0.107800 0.333100
0.212800 0.620300 0.166900
0.813500 0.056100 0.130400
0.798900 0.084100 0.117000
0.283300 0.567200 0.149500
0.505400 0.394700 0.099900
0.525300 0.467600 0.007100
0.566000 0.359200 0.074800
0.240900 0.234200 0.524900
0.091400 0.439000 0.469600
0.359400 0.397300 0.243300
0.400900 0.502700 0.096400
0.377700 0.427800 0.194500
0.200500 0.017100 0.782400
0.520700 0.240200 0.239100
0.254800 0.162400 0.582800
0.781000 0.191100 0.027900
0.417400 0.388800 0.193800
0.585800 0.312700 0.101500
0.520400 0.132200 0.347400
0.242400 0.590200 0.167400
0.987700 0.008000 0.004300
0.119900 0.461300 0.418800
0.266300 0.392500 0.341200
0.100000 0.612200 0.287800
0.834600 0.091800 0.073600
0.597900 0.127100 0.275000
0.840900 0.025300 0.133800
0.066400 0.738800 0.194800
0.513600 0.233200 0.253200
0.733500 0.109900 0.156600
0.543300 0.175400 0.281300
0.443100 0.493500 0.063400
0.324200 0.456400 0.219400
0.155500 0.361900 0.482600
0.257500 0.206400 0.536100
0.215300 0.732900 0.051800
0.425100 0.499700 0.075200
0.450500 0.208100 0.341400
0.178500 0.137600 0.683900
0.255800 0.279300 0.464900
0.976500 0.017600 0.005900
0.551000 0.437700 0.011300
0.647800 0.081500 0.270700
0.173800 0.536400 0.289800
0.863200 0.131200 0.005600
0.810300 0.099400 0.090300
0.803800 0.094300 0.101900
0.126700 0.409200 0.464100
0.761600 0.226900 0.011500
0.273800 0.134200 0.592000
0.472500 0.354200 0.173300
0.146500 0.493200 0.360300
0.958300 0.006300 0.035400
0.402700 0.274600 0.322700
0.295800 0.492100 0.212100
0.111800 0.262500 0.625700
0.577600 0.085800 0.336600
0.888100 0.051200 0.060700
0.441000 0.098000 0.461000
0.552500 0.143400 0.304100
0.154300 0.317800 0.527900
0.363600 0.113700 0.522700
0.442300 0.266200 0.291500
0.058100 0.020000 0.921900
0.298200 0.270600 0.431200
0.974800 0.023100 0.002100
0.835700 0.124700 0.039600
0.349400 0.591600 0.059000
0.809600 0.139700 0.050700
0.422100 0.133300 0.444600
0.266200 0.196700 0.537100
0.993500 0.005700 0.000800
0.991600 0.003900 0.004500
0.732000 0.258500 0.009500
0.112600 0.555100 0.332300
0.252700 0.504500 0.242800
0.309100 0.449300 0.241600
0.395600 0.537000 0.067400
0.243600 0.105100 0.651300
0.832200 0.077900 0.089900
0.243700 0.250800 0.505500
0.023100 0.314300 0.662600
0.290500 0.252000 0.457500
0.611800 0.300400 0.087800
0.494900 0.052700 0.452400
0.514000 0.222400 0.263600
0.734500 0.011400 0.254100
0.041500 0.035600 0.922900
0.207200 0.187500 0.605300
0.595000 0.157200 0.247800
0.380800 0.410200 0.209000
0.799700 0.140200 0.060100
0.160800 0.492400 0.346800
0.638300 0.089300 0.272400
0.094800 0.189100 0.716100
0.241700 0.439100 0.319200
0.371700 0.132300 0.496000
0.849100 0.032300 0.118600
0.882800 0.019200 0.098000
0.366300 0.113700 0.520000
0.547400 0.079700 0.372900
0.414000 0.293400 0.292600
0.553800 0.214400 0.231800
0.700900 0.014400 0.284700
0.783100 0.149900 0.067000
0.442900 0.092800 0.464300
0.172100 0.197700 0.630200
0.533700 0.286700 0.179600
0.113000 0.086800 0.800200
0.660300 0.004500 0.335200
0.708900 0.197800 0.093300
0.553900 0.027400 0.418700
0.196300 0.715300 0.088400
0.783900 0.179900 0.036200
0.760800 0.119000 0.120200
0.967200 0.015200 0.017600
0.134800 0.487900 0.377300
0.970600 0.019000 0.010400
0.849900 0.061700 0.088400
0.955500 0.024900 0.019600
0.188900 0.502500 0.308600
0.078000 0.410700 0.511300
0.409300 0.499100 0.091600
0.270000 0.608600 0.121400
0.203600 0.696000 0.100400
0.483800 0.280200 0.236000
0.177600 0.002300 0.820100
0.575300 0.093800 0.330900
0.143100 0.424900 0.432000
0.547800 0.348200 0.104000
0.727800 0.119300 0.152900
0.137300 0.792000 0.070700
0.995000 0.000600 0.004400
0.485600 0.447800 0.066600
0.404300 0.292100 0.303600
0.816400 0.009700 0.173900
0.635400 0.335100 0.029500
0.309400 0.239200 0.451400
0.947100 0.045200 0.007700
0.468500 0.322200 0.209300
0.764300 0.064400 0.171300
0.796800 0.111600 0.091600
0.695500 0.135600 0.168900
0.139500 0.669100 0.191400
0.484000 0.289400 0.226600
0.591500 0.163300 0.245200
0.136900 0.622700 0.240400
0.074000 0.096000 0.830000
0.500400 0.325300 0.174300
0.374100 0.124900 0.501000
0.824100 0.160600 0.015300
0.110700 0.680100 0.209200
0.073500 0.038600 0.887900
0.782300 0.100500 0.117200
0.636700 0.124900 0.238400
0.787400 0.178500 0.034100
0.314400 0.220300 0.465300
0.187900 0.294400 0.517700
0.282600 0.291500 0.425900
0.896300 0.016800 0.086900
0.125700 0.060900 0.813400
0.925400 0.074200 0.000400
0.443600 0.238900 0.317500
0.343000 0.432600 0.224400
0.317200 0.154800 0.528000
0.334200 0.484400 0.181400
0.542600 0.312800 0.144600
0.863300 0.053700 0.083000
0.195000 0.701600 0.103400
0.872300 0.032300 0.095400
0.814200 0.158300 0.027500
0.976700 0.021600 0.001700
0.114000 0.625400 0.260600
0.912000 0.005000 0.083000
0.338000 0.417900 0.244100
0.522100 0.154000 0.323900
0.715700 0.220800 0.063500
0.119400 0.534900 0.345700
0.481900 0.375500 0.142600
0.984800 0.004900 0.010300
0.575800 0.290200 0.134000
0.794500 0.072100 0.133400
0.648200 0.126400 0.225400
0.573500 0.002600 0.423900
0.602900 0.304900 0.092200
0.514500 0.058600 0.426900
0.811900 0.080400 0.107700
0.260900 0.055400 0.683700
0.887200 0.026300 0.086500
0.400600 0.260100 0.339300
0.363200 0.404700 0.232100
0.233200 0.485400 0.281400
0.918200 0.019000 0.062800
0.474400 0.109200 0.416400
0.188500 0.808500 0.003000
0.131500 0.395000 0.473500
0.594000 0.274400 0.131600
0.019300 0.918300 0.062400
0.055200 0.815400 0.129400
0.556300 0.156000 0.287700
0.193500 0.365400 0.441100
0.480700 0.037400 0.481900
0.617600 0.003800 0.378600
0.233300 0.185700 0.581000
0.098500 0.011600 0.889900
0.474900 0.215500 0.309600
0.409000 0.257100 0.333900
0.272900 0.204900 0.522200
0.032300 0.034700 0.933000
0.403300 0.386500 0.210200
0.773100 0.047800 0.179100
0.837300 0.084200 0.078500
0.983500 0.002300 0.014200
0.280500 0.250300 0.469200
0.057100 0.786500 0.156400
0.601000 0.336400 0.062600
0.327700 0.172600 0.499700
0.272500 0.605500 0.122000
0.045200 0.399800 0.555000
0.237900 0.251700 0.510400
0.953800 0.038700 0.007500
0.409700 0.271600 0.318700
0.458200 0.001900 0.539900
0.253000 0.268800 0.478200
0.480500 0.146800 0.372700
0.326200 0.525100 0.148700
0.929800 0.037300 0.032900
0.906800 0.080600 0.012600
0.266900 0.087000 0.646100
0.962100 0.024700 0.013200
0.220100 0.034000 0.745900
0.142200 0.247200 0.610600
0.553700 0.222300 0.224000
0.228200 0.391000 0.380800
0.010600 0.152000 0.837400
0.434400 0.256200 0.309400
0.845600 0.051800 0.102600
0.592700 0.110200 0.297100
0.766400 0.218600 0.015000
0.877800 0.103600 0.018600
0.766600 0.065200 0.168200
0.669700 0.123400 0.206900
0.349400 0.610200 0.040400
0.684000 0.183300 0.132700
0.707700 0.264200 0.028100
0.901900 0.061100 0.037000
0.765700 0.105100 0.129200
0.535900 0.179700 0.284400
0.437000 0.042100 0.520900
0.139600 0.693800 0.166600
0.809100 0.058800 0.132100
0.180400 0.180400 0.639200
0.184400 0.222200 0.593400
0.141500 0.298900 0.559600
0.521100 0.354400 0.124500
0.154900 0.278900 0.566200
0.688000 0.116500 0.195500
0.420300 0.451600 0.128100
0.101800 0.512100 0.386100
0.263900 0.230100 0.506000
0.862700 0.093700 0.043600
0.774400 0.129900 0.095700
0.570800 0.072700 0.356500
0.059400 0.442500 0.498100
0.283700 0.107000 0.609300
0.187800 0.767500 0.044700
0.561200 0.143700 0.295100
0.031600 0.210700 0.757700
0.291500 0.342400 0.366100
0.734000 0.257700 0.008300
0.182800 0.344800 0.472400
0.631600 0.243500 0.124900
0.783000 0.150200 0.066800
0.400800 0.136600 0.462600
0.635600 0.249300 0.115100
0.662800 0.238000 0.099200
0.923800 0.055900 0.020300
0.260500 0.680700 0.058800
0.508800 0.369100 0.122100
0.635400 0.086000 0.278600
0.311000 0.313100 0.375900
0.284100 0.448600 0.267300
0.490300 0.138000 0.371700
0.912400 0.075100 0.012500
0.334700 0.545300 0.120000
0.330900 0.149700 0.519400
0.143700 0.406700 0.449600
0.605700 0.291600 0.102700
0.777300 0.069900 0.152800
0.164300 0.332800 0.502900
0.225000 0.705700 0.069300
0.712700 0.243900 0.043400
0.099400 0.023100 0.877500
0.877600 0.008600 0.113800
0.108500 0.408400 0.483100
0.107700 0.326000 0.566300
0.753300 0.153100 0.093600
0.176300 0.765700 0.058000
0.198600 0.700600 0.100800
0.668100 0.172100 0.159800
0.563800 0.379200 0.057000
0.729600 0.097900 0.172500
0.069100 0.359700 0.571200
0.743800 0.109500 0.146700
0.413900 0.431300 0.154800
0.099900 0.310400 0.589700
0.523600 0.040100 0.436300
0.273000 0.660200 0.066800
0.339400 0.435400 0.225200
0.873100 0.023900 0.103000
0.277600 0.560400 0.162000
0.965600 0.028200 0.006200
0.862200 0.016900 0.120900
0.065800 0.933600 0.000600
0.114200 0.882500 0.003300
0.066100 0.602500 0.331400
0.074900 0.892000 0.033100
0.457200 0.046600 0.496200
0.003000 0.127300 0.869700
0.633900 0.011400 0.354700
0.623500 0.205300 0.171200
0.050900 0.602700 0.346400
0.457600 0.033800 0.508600
0.571900 0.231700 0.196400
0.057000 0.548800 0.394200
0.054300 0.292800 0.652900
0.196500 0.224500 0.579000
0.172400 0.756100 0.071500
0.523600 0.053700 0.422700
0.543300 0.036900 0.419800
0.491000 0.506500 0.002500
0.071800 0.232000 0.696200
0.875500 0.079200 0.045300
0.601200 0.165400 0.233400
0.368500 0.072600 0.558900
0.785700 0.015700 0.198600
0.077100 0.353500 0.569400
0.249400 0.396900 0.353700
0.161500 0.160500 0.678000
0.482100 0.125100 0.392800
0.853600 0.080000 0.066400
0.341400 0.252000 0.406600
0.254100 0.268400 0.477500
0.060200 0.325300 0.614500
0.917700 0.066900 0.015400
0.206100 0.437000 0.356900
0.238300 0.402600 0.359100
0.018700 0.303100 0.678200
0.713500 0.119800 0.166700
0.255300 0.545100 0.199600
0.414300 0.096200 0.489500
0.630000 0.160900 0.209100
0.186800 0.487300 0.325900
0.658200 0.036800 0.305000
0.319400 0.559800 0.120800
0.798400 0.042300 0.159300
0.623900 0.193900 0.182200
0.555200 0.289800 0.155000
0.835900 0.158000 0.006100
0.329700 0.631900 0.038400
0.688100 0.237200 0.074700
0.105600 0.488000 0.406400
0.091300 0.355800 0.552900
0.885900 0.006900 0.107200
0.801100 0.141300 0.057600
0.903000 0.025000 0.072000
0.768300 0.059800 0.171900
0.966600 0.011900 0.021500
0.828500 0.093100 0.078400
0.799400 0.024900 0.175700
0.441300 0.440200 0.118500
0.513100 0.363700 0.123200
0.450500 0.349900 0.199600
0.182200 0.431600 0.386200
0.982500 0.008200 0.009300
0.708900 0.203300 0.087800
0.943000 0.018300 0.038700
0.235300 0.179900 0.584800
0.887800 0.018800 0.093400
0.126300 0.059700 0.814000
0.367600 0.076100 0.556300
0.928100 0.029500 0.042400
0.607500 0.054300 0.338200
0.069500 0.583200 0.347300
0.342300 0.052000 0.605700
0.755300 0.092000 0.152700
0.692500 0.014600 0.292900
0.987300 0.002200 0.010500
0.156400 0.786400 0.057200
0.162900 0.457000 0.380100
0.560400 0.164600 0.275000
0.017900 0.973400 0.008700
0.531100 0.302100 0.166800
0.765800 0.022800 0.211400
0.567500 0.366300 0.066200
0.838400 0.024100 0.137500
0.830000 0.049500 0.120500
0.103800 0.373900 0.522300
0.764600 0.084300 0.151100
0.581400 0.014300 0.404300
0.085500 0.350400 0.564100
0.061700 0.563300 0.375000
0.064000 0.051700 0.884300
0.780100 0.116900 0.103000
0.028900 0.260700 0.710400
0.550500 0.132400 0.317100
0.091700 0.768800 0.139500
0.445400 0.454400 0.100200
0.041800 0.300800 0.657400
0.151100 0.095100 0.753800
0.173000 0.187200 0.639800
0.765500 0.211300 0.023200
0.069300 0.420400 0.510300
0.210200 0.640800 0.149000
0.621500 0.022500 0.356000
0.619400 0.075800 0.304800
0.326700 0.182600 0.490700
0.920400 0.079100 0.000500
0.373200 0.251600 0.375200
0.095500 0.423300 0.481200
0.819700 0.007400 0.172900
0.851700 0.128200 0.020100
0.924400 0.071400 0.004200
0.207500 0.278400 0.514100
0.975700 0.003800 0.020500
0.234700 0.152600 0.612700
0.849200 0.053200 0.097600
0.295900 0.090200 0.613900
0.536900 0.299800 0.163300
0.587200 0.112300 0.300500
0.215400 0.743100 0.041500
0.116000 0.518400 0.365600
0.627800 0.143000 0.229200
0.986600 0.013200 0.000200
0.092300 0.886800 0.020900
0.059200 0.174700 0.766100
0.296900 0.293300 0.409800
0.409700 0.553800 0.036500
0.679000 0.114900 0.206100
0.612400 0.061700 0.325900
0.126700 0.857300 0.016000
0.036900 0.307500 0.655600
0.843000 0.004000 0.153000
0.569000 0.092400 0.338600
0.765500 0.224800 0.009700
0.304700 0.659500 0.035800
0.409700 0.368600 0.221700
0.031600 0.516600 0.451800
0.738600 0.258200 0.003200
0.199000 0.510400 0.290600
0.243400 0.172700 0.583900
0.994800 0.002500 0.002700
0.693400 0.015300 0.291300
0.127600 0.271800 0.600600
0.461200 0.072700 0.466100
0.889600 0.109900 0.000500
0.476800 0.059900 0.463300
0.967800 0.007200 0.025000
0.504000 0.004800 0.491200
0.539600 0.418700 0.041700
0.134600 0.478400 0.387000
0.545600 0.209200 0.245200
0.169800 0.457400 0.372800
0.141800 0.065300 0.792900
0.149400 0.723300 0.127300
0.056200 0.647800 0.296000
0.503600 0.487400 0.009000
0.041200 0.611900 0.346900
0.429500 0.298600 0.271900
0.915100 0.063100 0.021800
0.373200 0.039200 0.587600
0.190400 0.715200 0.094400
0.024800 0.361200 0.614000
0.614100 0.356100 0.029800
0.007900 0.962000 0.030100
0.637100 0.160000 0.202900
0.211400 0.045400 0.743200
0.499400 0.271800 0.228800
0.287400 0.069400 0.643200
0.420300 0.186000 0.393700
0.814800 0.046000 0.139200
0.892900 0.085800 0.021300
0.099600 0.183000 0.717400
0.088800 0.619500 0.291700
0.942700 0.014000 0.043300
0.241300 0.593100 0.165600
0.448900 0.156000 0.395100
0.587600 0.192800 0.219600
0.233800 0.348600 0.417600
0.676000 0.105300 0.218700
0.185300 0.227800 0.586900
0.659400 0.339300 0.001300
0.027200 0.592800 0.380000
0.362600 0.607100 0.030300
0.485800 0.154700 0.359500
0.315100 0.275500 0.409400
0.429800 0.182300 0.387900
0.497400 0.315600 0.187000
0.360600 0.134400 0.505000
0.949200 0.026400 0.024400
0.134500 0.849200 0.016300
0.582900 0.275100 0.142000
0.995100 0.002600 0.002300
0.522300 0.216100 0.261600
0.478100 0.400500 0.121400
0.412900 0.325900 0.261200
0.693200 0.191900 0.114900
0.878900 0.083400 0.037700
0.077400 0.574500 0.348100
0.167600 0.462100 0.370300
0.484700 0.280500 0.234800
0.090200 0.871100 0.038700
0.153700 0.684100 0.162200
0.771100 0.122300 0.106600
0.547300 0.441000 0.011700
0.802400 0.172700 0.024900
0.647400 0.316700 0.035900
0.975700 0.017700 0.006600
0.697500 0.151500 0.151000
0.186700 0.222000 0.591300
0.702000 0.280800 0.017200
0.814700 0.183300 0.002000
0.737500 0.112000 0.150500
0.660000 0.280500 0.059500
0.598200 0.015900 0.385900
0.230400 0.606600 0.163000
0.659300 0.125000 0.215700
0.760300 0.081400 0.158300
0.163000 0.303700 0.533300
0.622000 0.140100 0.237900
0.917200 0.077500 0.005300
0.473700 0.180500 0.345800
0.311000 0.415800 0.273200
0.015200 0.091800 0.893000
0.897200 0.037200 0.065600
0.865200 0.019900 0.114900
0.037300 0.566700 0.396000
0.431100 0.144200 0.424700
0.456200 0.431100 0.112700
0.841800 0.079600 0.078600
0.119000 0.173600 0.707400
0.873700 0.009100 0.117200
0.763700 0.036400 0.199900
0.432000 0.428000 0.140000
0.268700 0.076200 0.655100
0.964800 0.023800 0.011400
0.659300 0.206800 0.133900
0.262900 0.280000 0.457100
0.249000 0.134900 0.616100
0.027900 0.513600 0.458500
0.484700 0.431900 0.083400
0.763400 0.121300 0.115300
0.080300 0.463400 0.456300
0.371500 0.211200 0.417300
0.813400 0.012500 0.174100
0.908000 0.040200 0.051800
0.251500 0.335000 0.413500
0.979900 0.015700 0.004400
0.101300 0.365900 0.532800
0.410200 0.056900 0.532900
0.128500 0.359800 0.511700
0.550500 0.120000 0.329500
0.235900 0.496400 0.267700
0.114500 0.556600 0.328900
0.219500 0.363900 0.416600
0.452400 0.146100 0.401500
0.176500 0.277600 0.545900
0.285100 0.319800 0.395100
0.167900 0.230100 0.602000
0.752100 0.198500 0.049400
0.322300 0.324600 0.353100
0.264100 0.701300 0.034600
0.006500 0.771700 0.221800
0.267400 0.623500 0.109100
0.631000 0.032800 0.336200
0.921300 0.038900 0.039800
0.758300 0.151100 0.090600
0.690100 0.155500 0.154400
0.040900 0.016300 0.942800
0.894900 0.083700 0.021400
0.550900 0.213800 0.235300
0.734200 0.000200 0.265600
0.620800 0.161700 0.217500
0.479200 0.030400 0.490400
0.100700 0.290000 0.609300
0.248700 0.188000 0.563300
0.704600 0.004400 0.291000
0.407900 0.246600 0.345500
0.200200 0.782500 0.017300
0.632600 0.102200 0.265200
0.584500 0.334200 0.081300
0.836300 0.116400 0.047300
0.744000 0.004200 0.251800
0.147900 0.337500 0.514600
0.017800 0.339600 0.642600
0.562300 0.241000 0.196700
0.206100 0.752500 0.041400
0.325600 0.466700 0.207700
0.738700 0.048700 0.212600
0.315900 0.473800 0.210300
0.697100 0.039100 0.263800
0.544200 0.263600 0.192200
0.678400 0.251100 0.070500
0.140500 0.585300 0.274200
0.771900 0.000700 0.227400
0.360300 0.451700 0.188000
0.848900 0.149700 0.001400
0.948200 0.048600 0.003200
0.859300 0.108400 0.032300
0.801600 0.169100 0.029300
0.765400 0.020500 0.214100
0.102300 0.466300 0.431400
0.994700 0.000900 0.004400
0.515300 0.170200 0.314500
0.830400 0.102600 0.067000
0.134200 0.560800 0.305000
0.686000 0.157500 0.156500
0.433900 0.151000 0.415100
0.617100 0.137800 0.245100
0.802800 0.062900 0.134300
0.018800 0.117100 0.864100
0.019200 0.572800 0.408000
0.690200 0.095200 0.214600
0.971300 0.019900 0.008800
0.065300 0.580400 0.354300
0.535000 0.340600 0.124400
0.878700 0.016100 0.105200
0.316500 0.460600 0.222900
0.807800 0.027300 0.164900
0.598700 0.146700 0.254600
0.851300 0.087400 0.061300
0.023700 0.717700 0.258600
0.813800 0.058000 0.128200
0.443600 0.116500 0.439900
0.996700 0.002000 0.001300
0.933100 0.039400 0.027500
0.808800 0.138300 0.052900
0.631600 0.047600 0.320800
0.923900 0.038600 0.037500
0.541500 0.229300 0.229200
0.170100 0.348300 0.481600
0.068400 0.081200 0.850400
0.437700 0.337000 0.225300
0.480500 0.487600 0.031900
0.383400 0.103000 0.513600
0.707200 0.238600 0.054200
0.753200 0.245800 0.001000
0.890100 0.103100 0.006800
0.567500 0.403600 0.028900
0.382400 0.426500 0.191100
0.842300 0.132500 0.025200
0.544300 0.186000 0.269700
0.196700 0.028100 0.775200
0.332300 0.217200 0.450500
0.467600 0.337900 0.194500
0.939600 0.005600 0.054800
0.786700 0.006700 0.206600
0.299800 0.351000 0.349200
0.519200 0.327700 0.153100
0.515000 0.062700 0.422300
0.370600 0.116800 0.512600
0.426300 0.027400 0.546300
0.419900 0.567100 0.013000
0.389300 0.138900 0.471800
0.621800 0.037200 0.341000
0.618900 0.375000 0.006100
0.111100 0.012600 0.876300
0.465300 0.381100 0.153600
0.425700 0.518800 0.055500
0.539600 0.021600 0.438800
0.618100 0.171600 0.210300
0.091500 0.824900 0.083600
0.927700 0.031000 0.041300
0.068800 0.344600 0.586600
0.854700 0.004300 0.141000
0.262500 0.093400 0.644100
0.158900 0.599200 0.241900
0.730800 0.211100 0.058100
0.837600 0.019800 0.142600
0.270100 0.693100 0.036800
0.391800 0.185400 0.422800
0.081600 0.826600 0.091800
0.586300 0.307800 0.105900
0.275500 0.658100 0.066400
0.308600 0.496500 0.194900
0.955200 0.003300 0.041500
0.774600 0.175500 0.049900
0.121100 0.675900 0.203000
0.687500 0.126300 0.186200
0.116200 0.077100 0.806700
0.002100 0.385200 0.612700
0.486800 0.044100 0.469100
0.155200 0.371800 0.473000
0.048800 0.337700 0.613500
0.541500 0.443700 0.014800
0.031600 0.496700 0.471700
0.310000 0.456900 0.233100
0.429600 0.165600 0.404800
0.323600 0.534700 0.141700
0.646600 0.064400 0.289000
0.016500 0.471800 0.511700
0.563700 0.080800 0.355500
0.161700 0.196500 0.641800
0.350400 0.483100 0.166500
0.730500 0.200300 0.069200
0.571900 0.294800 0.133300
0.898000 0.005200 0.096800
0.043700 0.875600 0.080700
0.401000 0.267700 0.331300
0.645300 0.308300 0.046400
0.446400 0.149000 0.404600
0.989100 0.005200 0.005700
0.443400 0.429100 0.127500
0.157600 0.294300 0.548100
0.864000 0.131400 0.004600
0.001000 0.311500 0.687500
0.567300 0.263300 0.169400
0.356800 0.531700 0.111500
0.383700 0.604200 0.012100
0.916800 0.025100 0.058100
0.185200 0.405200 0.409600
0.019500 0.456300 0.524200
0.304900 0.161500 0.533600
0.093100 0.862300 0.044600
0.507700 0.032900 0.459400
0.344600 0.296300 0.359100
0.568900 0.121200 0.309900
0.931700 0.059900 0.008400
