5
6 6
1 2 3 4 5 6
7 8 9 10 11 12
13 14 15 16 17 18
19 20 21 22 23 24
25 26 27 28 29 30
31 32 33 34 35 36
1 2 3 5 4 6
7 8 9 11 10 12
13 14 15 17 16 18
31 32 33 35 34 36
25 26 27 29 28 30
19 20 21 23 22 24
6 6
1 2 3 4 5 6
7 8 9 10 11 12
13 14 15 16 17 18
19 20 21 22 23 24
25 26 27 28 29 30
31 32 33 34 35 36
2 5 3 1 6 4
32 35 33 31 36 34
8 11 9 7 12 10
20 23 21 19 24 22
26 29 27 25 30 28
14 17 15 13 18 16
6 6
1 2 3 4 5 6
7 8 9 10 11 12
13 14 15 16 17 18
19 20 21 22 23 24
25 26 27 28 29 30
31 32 33 34 35 36
19 20 24 21 23 22
13 14 18 15 17 16
7 1 12 9 11 10
8 2 6 3 5 4
25 26 30 27 29 28
31 32 36 33 35 34
6 6
1 2 3 4 5 6
7 8 9 10 11 12
13 14 15 16 17 18
19 20 21 22 23 24
25 26 27 28 29 30
31 32 33 34 35 36
6 5 1 3 4 2
12 11 7 9 10 8
30 29 25 27 28 26
24 23 19 21 22 20
18 17 13 15 16 14
36 35 31 33 34 32
10 10
1 2 3 4 5 6 7 8 9 10
11 12 13 14 15 16 17 18 19 20
21 22 23 24 25 26 27 28 29 30
31 32 33 34 35 36 37 38 39 40
41 42 43 44 45 46 47 48 49 50
51 52 53 54 55 56 57 58 59 60
61 62 63 64 65 66 67 68 69 70
71 72 73 74 75 76 77 78 79 80
81 82 83 84 85 86 87 88 89 90
91 92 93 94 95 96 97 98 99 100
1 2 3 4 6 9 7 5 10 8
11 12 13 14 16 19 17 15 20 18
21 22 23 24 26 29 27 25 30 28
31 32 33 34 36 39 37 35 40 38
41 42 43 44 46 49 47 45 50 48
51 52 53 54 56 59 57 55 60 58
81 82 83 84 86 89 87 85 90 88
71 72 73 74 76 101 77 75 80 78
61 62 63 64 66 69 67 65 70 68
91 92 93 94 96 99 97 95 100 98
