50 1
0.470900 0.331600 0.197500
0.780000 0.025600 0.194400
0.404700 0.008300 0.587000
0.098600 0.424700 0.476700
0.756600 0.068200 0.175200
0.835200 0.023800 0.141000
0.182800 0.208300 0.608900
0.879200 0.060200 0.060600
0.292900 0.511500 0.195600
0.101500 0.233000 0.665500
0.619400 0.173500 0.207100
0.632100 0.188600 0.179300
0.211500 0.069400 0.719100
0.139600 0.394400 0.466000
0.850200 0.009200 0.140600
0.085700 0.018800 0.895500
0.996000 0.003200 0.000800
0.897900 0.030500 0.071600
0.702300 0.010400 0.287300
0.245400 0.151300 0.603300
0.795100 0.053900 0.151000
0.878700 0.087700 0.033600
0.638500 0.276400 0.085100
0.869300 0.083500 0.047200
0.657900 0.154300 0.187800
0.991100 0.001500 0.007400
0.111700 0.062500 0.825800
0.144000 0.146200 0.709800
0.006500 0.398600 0.594900
0.706900 0.203600 0.089500
0.540100 0.351900 0.108000
0.257300 0.480600 0.262100
0.626100 0.345400 0.028500
0.285000 0.415400 0.299600
0.268400 0.374000 0.357600
0.509000 0.366500 0.124500
0.744400 0.132200 0.123400
0.575900 0.143400 0.280700
0.639300 0.355700 0.005000
0.085800 0.663600 0.250600
0.394100 0.063800 0.542100
0.300700 0.365900 0.333400
0.879300 0.089300 0.031400
0.438800 0.403600 0.157600
0.418200 0.191200 0.390600
0.333900 0.292000 0.374100
0.053800 0.763700 0.182500
0.600000 0.068400 0.331600
0.267600 0.126100 0.606300
0.183400 0.284800 0.531800
0.432000 0.100200 0.467800
