500 20
0.498900 0.015100 0.486000
0.402200 0.498800 0.099000
0.636400 0.250400 0.113200
0.651300 0.128400 0.220300
0.577300 0.174800 0.247900
0.563300 0.188600 0.248100
0.246200 0.223300 0.530500
0.400800 0.379800 0.219400
0.551600 0.146700 0.301700
0.461800 0.507200 0.031000
0.488800 0.091800 0.419400
0.964300 0.007600 0.028100
0.278600 0.349000 0.372400
0.892400 0.105900 0.001700
0.592800 0.255800 0.151400
0.679600 0.075700 0.244700
0.837800 0.061800 0.100400
0.643600 0.111000 0.245400
0.997600 0.000500 0.001900
0.303300 0.011000 0.685700
0.216500 0.543600 0.239900
0.322600 0.140000 0.537400
0.860200 0.009500 0.130300
0.849100 0.132200 0.018700
0.233800 0.679800 0.086400
0.078400 0.300600 0.621000
0.737600 0.023200 0.239200
0.047000 0.013500 0.939500
0.768700 0.124500 0.106800
0.139900 0.357000 0.503100
0.466000 0.145900 0.388100
0.831800 0.091400 0.076800
0.396900 0.036600 0.566500
0.081300 0.464500 0.454200
0.109200 0.876900 0.013900
0.620900 0.263300 0.115800
0.097200 0.301300 0.601500
0.285400 0.449800 0.264800
0.209800 0.642000 0.148200
0.621500 0.039500 0.339000
0.601700 0.027500 0.370800
0.922400 0.024300 0.053300
0.556800 0.056400 0.386800
0.651700 0.247200 0.101100
0.196700 0.070600 0.732700
0.231900 0.055200 0.712900
0.702900 0.150400 0.146700
0.436700 0.094500 0.468800
0.170000 0.659400 0.170600
0.598100 0.247100 0.154800
0.275000 0.323200 0.401800
0.908800 0.059600 0.031600
0.771300 0.223900 0.004800
0.926500 0.017300 0.056200
0.310400 0.273800 0.415800
0.662900 0.103700 0.233400
0.689800 0.191400 0.118800
0.155800 0.594200 0.250000
0.215700 0.196200 0.588100
0.629000 0.067300 0.303700
0.899800 0.007300 0.092900
0.837500 0.155600 0.006900
0.646200 0.273600 0.080200
0.176400 0.783100 0.040500
0.062200 0.224600 0.713200
0.635800 0.201900 0.162300
0.177100 0.538700 0.284200
0.116700 0.055300 0.828000
0.360300 0.086800 0.552900
0.003300 0.141700 0.855000
0.002800 0.189800 0.807400
0.839600 0.059000 0.101400
0.273500 0.702000 0.024500
0.224400 0.719600 0.056000
0.809800 0.178800 0.011400
0.580700 0.206000 0.213300
0.954900 0.033800 0.011300
0.356000 0.288400 0.355600
0.188000 0.424700 0.387300
0.824800 0.165600 0.009600
0.442600 0.163500 0.393900
0.920100 0.073600 0.006300
0.323900 0.511700 0.164400
0.116200 0.308100 0.575700
0.173900 0.086200 0.739900
0.110300 0.170800 0.718900
0.507100 0.198500 0.294400
0.109600 0.697900 0.192500
0.868800 0.076400 0.054800
0.133400 0.748900 0.117700
0.260100 0.365600 0.374300
0.924200 0.013600 0.062200
0.350900 0.148500 0.500600
0.746800 0.007100 0.246100
0.599600 0.317400 0.083000
0.353900 0.273300 0.372800
0.250300 0.438800 0.310900
0.182900 0.374700 0.442400
0.155300 0.290000 0.554700
0.252800 0.337500 0.409700
0.432800 0.025000 0.542200
0.124500 0.298000 0.577500
0.145400 0.666300 0.188300
0.735500 0.166400 0.098100
0.732200 0.106700 0.161100
0.342000 0.126800 0.531200
0.419700 0.043900 0.536400
0.274800 0.047300 0.677900
0.646400 0.284600 0.069000
0.528700 0.069100 0.402200
0.254200 0.676700 0.069100
0.657200 0.340400 0.002400
0.783100 0.160300 0.056600
0.440100 0.094900 0.465000
0.108000 0.887500 0.004500
0.411500 0.213200 0.375300
0.927600 0.055400 0.017000
0.377300 0.152600 0.470100
0.065900 0.317700 0.616400
0.241700 0.354400 0.403900
0.584500 0.195500 0.220000
0.975000 0.002200 0.022800
0.414600 0.077800 0.507600
0.722300 0.143800 0.133900
0.311100 0.203700 0.485200
0.227600 0.140700 0.631700
0.074900 0.288400 0.636700
0.549800 0.098800 0.351400
0.631700 0.362500 0.005800
0.819600 0.011900 0.168500
0.997400 0.000100 0.002500
0.781200 0.195800 0.023000
0.360200 0.404500 0.235300
0.588900 0.249700 0.161400
0.795800 0.088300 0.115900
0.904400 0.048900 0.046700
0.334000 0.033000 0.633000
0.611000 0.168400 0.220600
0.749600 0.003700 0.246700
0.448500 0.049600 0.501900
0.832200 0.129000 0.038800
0.928900 0.061200 0.009900
0.640000 0.154900 0.205100
0.215200 0.316300 0.468500
0.127800 0.331000 0.541200
0.903600 0.065900 0.030500
0.294200 0.330000 0.375800
0.366000 0.364000 0.270000
0.726200 0.197800 0.076000
0.209800 0.233000 0.557200
0.687800 0.125200 0.187000
0.920600 0.023500 0.055900
0.906400 0.052200 0.041400
0.111800 0.521300 0.366900
0.308400 0.398100 0.293500
0.557000 0.125000 0.318000
0.607700 0.342200 0.050100
0.001200 0.748300 0.250500
0.629800 0.348700 0.021500
0.311400 0.549500 0.139100
0.514500 0.425000 0.060500
0.110200 0.756800 0.133000
0.295000 0.111300 0.593700
0.645100 0.142300 0.212600
0.655800 0.206100 0.138100
0.527200 0.059200 0.413600
0.197400 0.511900 0.290700
0.856200 0.068800 0.075000
0.967600 0.016900 0.015500
0.175700 0.112900 0.711400
0.800700 0.189900 0.009400
0.349000 0.166500 0.484500
0.605800 0.076500 0.317700
0.820500 0.173600 0.005900
0.827700 0.115400 0.056900
0.865200 0.069200 0.065600
0.328100 0.645500 0.026400
0.864700 0.026700 0.108600
0.846100 0.071900 0.082000
0.189100 0.655200 0.155700
0.349300 0.068400 0.582300
0.834600 0.006600 0.158800
0.435300 0.270100 0.294600
0.198400 0.794000 0.007600
0.371500 0.047300 0.581200
0.507700 0.347200 0.145100
0.038400 0.610200 0.351400
0.770900 0.020300 0.208800
0.706000 0.126700 0.167300
0.598100 0.387300 0.014600
0.565900 0.327300 0.106800
0.100900 0.502000 0.397100
0.016200 0.283500 0.700300
0.704600 0.261500 0.033900
0.448800 0.395300 0.155900
0.043700 0.870200 0.086100
0.194600 0.005300 0.800100
0.432400 0.237500 0.330100
0.061600 0.382500 0.555900
0.632900 0.100500 0.266600
0.989100 0.007400 0.003500
0.372200 0.253100 0.374700
0.659700 0.292500 0.047800
0.690700 0.188700 0.120600
0.528200 0.344700 0.127100
0.552900 0.032700 0.414400
0.108800 0.594100 0.297100
0.611900 0.304800 0.083300
0.596600 0.258400 0.145000
0.345100 0.229100 0.425800
0.983500 0.013300 0.003200
0.175700 0.237900 0.586400
0.767400 0.174000 0.058600
0.010300 0.006200 0.983500
0.562400 0.079800 0.357800
0.213300 0.116600 0.670100
0.602400 0.256900 0.140700
0.317400 0.168900 0.513700
0.234000 0.687500 0.078500
0.344800 0.215100 0.440100
0.433200 0.449900 0.116900
0.739500 0.001200 0.259300
0.993700 0.002200 0.004100
0.189100 0.458300 0.352600
0.721800 0.054000 0.224200
0.890600 0.104800 0.004600
0.326900 0.513900 0.159200
0.920600 0.012200 0.067200
0.936900 0.051200 0.011900
0.435400 0.009500 0.555100
0.355500 0.052600 0.591900
0.468100 0.341800 0.190100
0.563700 0.170100 0.266200
0.897900 0.077100 0.025000
0.051300 0.063100 0.885600
0.720600 0.254300 0.025100
0.245700 0.108100 0.646200
0.219600 0.414300 0.366100
0.413000 0.483500 0.103500
0.821800 0.012600 0.165600
0.784600 0.169100 0.046300
0.175500 0.333800 0.490700
0.564300 0.273400 0.162300
0.535100 0.406700 0.058200
0.483500 0.287400 0.229100
0.687400 0.051000 0.261600
0.131800 0.288700 0.579500
0.017700 0.750300 0.232000
0.859800 0.058300 0.081900
0.781200 0.176900 0.041900
0.162500 0.717800 0.119700
0.621200 0.212200 0.166600
0.978400 0.012800 0.008800
0.785100 0.131700 0.083200
0.385300 0.065100 0.549600
0.314500 0.397300 0.288200
0.471900 0.511000 0.017100
0.594500 0.237700 0.167800
0.606500 0.266200 0.127300
0.474500 0.206200 0.319300
0.481200 0.056100 0.462700
0.752600 0.041900 0.205500
0.513900 0.273500 0.212600
0.957000 0.017200 0.025800
0.494600 0.318000 0.187400
0.088500 0.715000 0.196500
0.338600 0.087000 0.574400
0.877000 0.083000 0.040000
0.213600 0.017500 0.768900
0.893600 0.058500 0.047900
0.031500 0.310700 0.657800
0.223100 0.434400 0.342500
0.381400 0.341100 0.277500
0.824900 0.063500 0.111600
0.914000 0.058700 0.027300
0.115100 0.299000 0.585900
0.191700 0.475200 0.333100
0.177300 0.305600 0.517100
0.120900 0.510600 0.368500
0.749300 0.115400 0.135300
0.213000 0.530200 0.256800
0.777500 0.105500 0.117000
0.282600 0.418900 0.298500
0.857500 0.012100 0.130400
0.445200 0.415100 0.139700
0.179900 0.780300 0.039800
0.851500 0.016000 0.132500
0.471600 0.485000 0.043400
0.851600 0.071500 0.076900
0.827700 0.158300 0.014000
0.326100 0.524300 0.149600
0.649100 0.262700 0.088200
0.340800 0.078100 0.581100
0.238200 0.285500 0.476300
0.780300 0.087500 0.132200
0.056100 0.412900 0.531000
0.500000 0.447100 0.052900
0.088600 0.510500 0.400900
0.246600 0.743500 0.009900
0.683200 0.135900 0.180900
0.631000 0.220600 0.148400
0.391800 0.193700 0.414500
0.170600 0.810200 0.019200
0.458700 0.190100 0.351200
0.685100 0.047700 0.267200
0.123600 0.593900 0.282500
0.337600 0.487200 0.175200
0.572300 0.018400 0.409300
0.671500 0.157500 0.171000
0.877600 0.001800 0.120600
0.592400 0.005800 0.401800
0.184100 0.717300 0.098600
0.475800 0.392500 0.131700
0.546300 0.296700 0.157000
0.861800 0.094700 0.043500
0.119700 0.293300 0.587000
0.746200 0.235900 0.017900
0.007100 0.549100 0.443800
0.417100 0.291200 0.291700
0.398800 0.582300 0.018900
0.978200 0.018400 0.003400
0.516500 0.318400 0.165100
0.992500 0.006600 0.000900
0.196400 0.225400 0.578200
0.114300 0.389300 0.496400
0.661800 0.265200 0.073000
0.312900 0.071900 0.615200
0.084500 0.233600 0.681900
0.106700 0.018600 0.874700
0.234100 0.491600 0.274300
0.861700 0.025200 0.113100
0.854000 0.115400 0.030600
0.229600 0.113500 0.656900
0.340100 0.147600 0.512300
0.121400 0.448000 0.430600
0.256900 0.721400 0.021700
0.461600 0.256100 0.282300
0.093600 0.227400 0.679000
0.160700 0.262900 0.576400
0.030800 0.102100 0.867100
0.617000 0.240500 0.142500
0.099800 0.398800 0.501400
0.523600 0.473000 0.003400
0.460000 0.195500 0.344500
0.270500 0.005500 0.724000
0.519200 0.256900 0.223900
0.082200 0.715300 0.202500
0.941600 0.007300 0.051100
0.261400 0.468200 0.270400
0.711700 0.172100 0.116200
0.192900 0.414000 0.393100
0.367000 0.241900 0.391100
0.160000 0.435300 0.404700
0.948900 0.043300 0.007800
0.367700 0.351700 0.280600
0.230200 0.033400 0.736400
0.038400 0.513100 0.448500
0.877700 0.072500 0.049800
0.908500 0.081700 0.009800
0.828400 0.107900 0.063700
0.032600 0.538500 0.428900
0.499000 0.362200 0.138800
0.185200 0.280400 0.534400
0.636100 0.298300 0.065600
0.932400 0.060900 0.006700
0.002500 0.637100 0.360400
0.813800 0.184800 0.001400
0.260600 0.238800 0.500600
0.285500 0.038800 0.675700
0.012500 0.479200 0.508300
0.241200 0.091700 0.667100
0.147200 0.539100 0.313700
0.807600 0.132000 0.060400
0.517800 0.358700 0.123500
0.253800 0.090500 0.655700
0.629400 0.149700 0.220900
0.028500 0.683400 0.288100
0.383400 0.593100 0.023500
0.211400 0.320000 0.468600
0.389200 0.430400 0.180400
0.903500 0.078500 0.018000
0.376700 0.178400 0.444900
0.374600 0.312700 0.312700
0.838300 0.102500 0.059200
0.791000 0.177200 0.031800
0.774600 0.041500 0.183900
0.958500 0.018600 0.022900
0.779300 0.001400 0.219300
0.988100 0.002400 0.009500
0.102200 0.587400 0.310400
0.448500 0.518100 0.033400
0.053300 0.492700 0.454000
0.081200 0.608600 0.310200
0.665900 0.145000 0.189100
0.027300 0.610300 0.362400
0.744400 0.026300 0.229300
0.747100 0.159700 0.093200
0.558000 0.217300 0.224700
0.815500 0.159800 0.024700
0.198100 0.317200 0.484700
0.369700 0.465600 0.164700
0.178600 0.376500 0.444900
0.075300 0.719200 0.205500
0.769100 0.101600 0.129300
0.660900 0.332400 0.006700
0.719900 0.173400 0.106700
0.483800 0.440800 0.075400
0.106500 0.299000 0.594500
0.201500 0.646300 0.152200
0.570100 0.300000 0.129900
0.155000 0.703000 0.142000
0.443400 0.115600 0.441000
0.776100 0.125200 0.098700
0.000200 0.766700 0.233100
0.902200 0.059200 0.038600
0.359900 0.123600 0.516500
0.903000 0.048200 0.048800
0.281400 0.462800 0.255800
0.526900 0.390800 0.082300
0.957400 0.038300 0.004300
0.647300 0.043800 0.308900
0.466400 0.376500 0.157100
0.453300 0.010600 0.536100
0.269400 0.264600 0.466000
0.694000 0.290500 0.015500
0.432500 0.187400 0.380100
0.665800 0.079100 0.255100
0.425700 0.134700 0.439600
0.043800 0.349600 0.606600
0.993900 0.001700 0.004400
0.779500 0.180300 0.040200
0.712200 0.004300 0.283500
0.565400 0.379100 0.055500
0.146100 0.346200 0.507700
0.797400 0.070800 0.131800
0.106100 0.792700 0.101200
0.232800 0.210000 0.557200
0.826600 0.116800 0.056600
0.552900 0.044000 0.403100
0.391100 0.054400 0.554500
0.773900 0.163400 0.062700
0.319600 0.389000 0.291400
0.009900 0.149700 0.840400
0.723200 0.127000 0.149800
0.068100 0.155100 0.776800
0.112400 0.784400 0.103200
0.971200 0.001500 0.027300
0.117600 0.118800 0.763600
0.166300 0.288700 0.545000
0.395800 0.385400 0.218800
0.026400 0.036200 0.937400
0.069500 0.246900 0.683600
0.443800 0.520600 0.035600
0.462800 0.342800 0.194400
0.081000 0.296100 0.622900
0.518700 0.456000 0.025300
0.674200 0.020700 0.305100
0.134500 0.437700 0.427800
0.187200 0.689400 0.123400
0.118300 0.259200 0.622500
0.830700 0.042300 0.127000
0.212600 0.375600 0.411800
0.550300 0.127300 0.322400
0.531200 0.334300 0.134500
0.085300 0.058400 0.856300
0.660300 0.145400 0.194300
0.179900 0.280700 0.539400
0.452900 0.324200 0.222900
0.217600 0.116100 0.666300
0.426500 0.390200 0.183300
0.162000 0.686000 0.152000
0.897300 0.029300 0.073400
0.091500 0.161300 0.747200
0.510300 0.475700 0.014000
0.129000 0.635900 0.235100
0.209300 0.548400 0.242300
0.606900 0.180600 0.212500
0.434700 0.327000 0.238300
0.968800 0.024400 0.006800
0.658700 0.090000 0.251300
0.613000 0.067100 0.319900
0.129100 0.329400 0.541500
0.325600 0.053500 0.620900
0.229800 0.118500 0.651700
0.061600 0.210700 0.727700
0.222700 0.131900 0.645400
0.851900 0.062500 0.085600
0.587500 0.132900 0.279600
0.463400 0.205900 0.330700
0.916600 0.001200 0.082200
0.039800 0.630600 0.329600
0.622000 0.331400 0.046600
0.030300 0.183600 0.786100
0.478400 0.362900 0.158700
0.504500 0.012300 0.483200
0.298000 0.434500 0.267500
0.780700 0.175400 0.043900
0.275200 0.635700 0.089100
0.357400 0.089000 0.553600
0.019000 0.133400 0.847600
0.394500 0.189400 0.416100
0.916600 0.016800 0.066600
0.926700 0.015900 0.057400
0.124500 0.145500 0.730000
0.691500 0.207100 0.101400
0.382400 0.097100 0.520500
0.056100 0.105000 0.838900
0.521000 0.391800 0.087200
0.857800 0.005500 0.136700
0.050200 0.786000 0.163800
0.367100 0.040500 0.592400
0.168600 0.770000 0.061400
0.360200 0.072100 0.567700
0.407700 0.405300 0.187000
0.824700 0.169100 0.006200
0.190200 0.571500 0.238300
0.375700 0.578100 0.046200
0.685700 0.179600 0.134700
0.647500 0.026100 0.326400
0.241500 0.733100 0.025400
