27
6 30
50 1000 20 -1000
170 130 186 146
-190 -410 -174 -394
190 160 206 176
250 250 266 266
-10 -140 6 -124
50 -50 66 -34
150 100 166 116
-250 -500 -234 -484
90 10 106 26
10 -110 26 -94
-170 -380 -154 -364
-130 -320 -114 -304
270 280 286 296
290 310 306 326
-50 -200 -34 -184
110 40 126 56
-110 -290 -94 -274
210 190 226 206
-30 -170 -14 -154
310 340 326 356
-230 -470 -214 -454
330 370 346 386
-90 -260 -74 -244
230 220 246 236
-210 -440 -194 -424
30 -80 46 -64
-70 -230 -54 -214
70 -20 86 -4
-150 -350 -134 -334
130 70 146 86
37 28
-500 200 200 -100
-110 -290 -90 -270
220 180 240 200
-290 110 -270 130
-235 165 -215 185
-400 0 -380 20
-70 330 -50 350
-180 220 -160 240
-165 -235 -145 -215
-55 -345 -35 -325
0 400 20 420
125 -275 145 -255
290 -110 310 -90
-220 -180 -200 -160
70 -330 90 -310
275 125 295 145
-125 275 -105 295
55 345 75 365
330 70 350 90
0 -400 20 -380
165 235 185 255
180 -220 200 -200
345 -55 365 -35
235 -165 255 -145
400 0 420 20
-275 -125 -255 -105
-345 55 -325 75
-330 -70 -310 -50
110 290 130 310
31 30
-555 333 444 -157
-18 202 4 224
-160 -240 -140 -220
-117 -62 -95 -40
-400 0 -380 20
-240 -160 -220 -140
160 -240 180 -220
80 320 100 340
-320 -80 -300 -60
-51 114 -29 136
240 -160 260 -140
160 240 180 260
188 76 210 98
-240 160 -220 180
0 -400 20 -380
-80 320 -60 340
80 -320 100 -300
-150 -150 -128 -128
166 32 188 54
-160 240 -140 260
144 -12 166 10
320 -80 340 -60
-80 -320 -60 -300
-320 80 -300 100
400 0 420 20
-84 26 -62 48
122 -56 144 -34
100 -100 122 -78
0 400 20 420
320 80 340 100
240 160 260 180
10 1
70 10 -10 70
30 40 60 70
33 28
-500 200 200 -100
0 -400 20 -380
70 -330 90 -310
165 235 185 255
-330 -70 -310 -50
-125 275 -105 295
-110 -290 -90 -270
110 290 130 310
220 180 240 200
180 -220 200 -200
-55 -345 -35 -325
-220 -180 -200 -160
0 400 20 420
-70 330 -50 350
-180 220 -160 240
-165 -235 -145 -215
125 -275 145 -255
-290 110 -270 130
330 70 350 90
345 -55 365 -35
400 0 420 20
-235 165 -215 185
290 -110 310 -90
55 345 75 365
235 -165 255 -145
-345 55 -325 75
-275 -125 -255 -105
275 125 295 145
-400 0 -380 20
4 30
10 1000 -10 -1000
-8 70 8 86
-8 -110 8 -94
-8 -500 8 -484
-8 130 8 146
-8 40 8 56
-8 -290 8 -274
-8 -470 8 -454
-8 10 8 26
-8 -80 8 -64
-8 -320 8 -304
-8 -200 8 -184
-8 370 8 386
-8 -260 8 -244
-8 -50 8 -34
-8 340 8 356
-8 -170 8 -154
-8 -140 8 -124
-8 280 8 296
-8 -230 8 -214
-8 -410 8 -394
-8 220 8 236
-8 -380 8 -364
-8 -440 8 -424
-8 -20 8 -4
-8 250 8 266
-8 -350 8 -334
-8 310 8 326
-8 160 8 176
-8 100 8 116
-8 190 8 206
2 4
0 0 5 6
8 3 10 6
5 9 9 10
1 4 2 8
3 1 5 3
10 1
70 10 -10 70
30 20 60 50
100 6
400 500 0 500
300 600 500 700
500 400 600 500
400 200 600 300
100 0 200 700
800 100 900 500
300 -100 800 0
10 1
70 10 -10 70
30 10 60 40
16 5
-10 30 -20 -20
-70 0 -60 10
-50 0 -40 10
-20 0 -10 10
20 0 30 10
70 0 80 10
4 30
10 1000 -10 -1000
-8 70 8 86
-8 -110 8 -94
-8 -500 8 -484
-8 130 8 146
-8 40 8 56
-8 -290 8 -274
-8 -470 8 -454
-8 10 8 26
-8 -80 8 -64
-8 -320 8 -304
-8 -200 8 -184
-8 370 8 386
-8 -260 8 -244
-8 -50 8 -34
-8 340 8 356
-8 -170 8 -154
-8 -140 8 -124
-8 280 8 296
-8 -230 8 -214
-8 -410 8 -394
-8 220 8 236
-8 -380 8 -364
-8 -440 8 -424
-8 -20 8 -4
-8 250 8 266
-8 -350 8 -334
-8 310 8 326
-8 160 8 176
-8 100 8 116
-8 190 8 206
100 6
400 500 0 500
300 600 500 700
500 400 600 500
400 200 600 300
100 0 200 700
800 100 900 500
300 -100 800 0
15 5
0 -200 400 700
0 0 100 300
200 200 300 300
400 200 500 500
200 0 500 100
0 400 300 500
10 1
70 10 -10 70
30 40 60 70
100 0
-1000 1000 1000 -1000
4 30
10 1000 -10 -1000
-8 70 8 86
-8 -110 8 -94
-8 -500 8 -484
-8 130 8 146
-8 40 8 56
-8 -290 8 -274
-8 -470 8 -454
-8 10 8 26
-8 -80 8 -64
-8 -320 8 -304
-8 -200 8 -184
-8 370 8 386
-8 -260 8 -244
-8 -50 8 -34
-8 340 8 356
-8 -170 8 -154
-8 -140 8 -124
-8 280 8 296
-8 -230 8 -214
-8 -410 8 -394
-8 220 8 236
-8 -380 8 -364
-8 -440 8 -424
-8 -20 8 -4
-8 250 8 266
-8 -350 8 -334
-8 310 8 326
-8 160 8 176
-8 100 8 116
-8 190 8 206
1 3
2 7 7 1
3 2 6 4
7 5 9 8
1 8 5 9
100 0
-1000 1000 1000 -1000
1 3
2 7 7 1
3 2 6 4
7 5 9 8
1 8 5 9
8 30
-400 100 777 -99
400 30 420 103
600 10 620 84
-350 -60 -330 10
500 -70 520 4
450 70 470 143
-200 -105 -180 -34
150 10 170 82
-150 100 -130 170
200 -130 220 -57
-200 60 -180 130
100 -30 120 42
350 -10 370 63
200 50 220 122
-300 -20 -280 50
250 -90 270 -17
-50 15 -30 86
400 -150 420 -76
-250 20 -230 90
-400 -100 -380 -30
0 55 20 126
50 95 70 166
550 -30 570 44
450 -110 470 -36
300 -50 320 23
-100 -25 -80 46
250 90 270 162
-150 -65 -130 6
0 -110 20 -38
650 50 670 124
50 -70 70 2
1 3
2 7 7 1
3 2 6 4
7 5 9 8
1 8 5 9
6 30
50 1000 20 -1000
170 130 186 146
-190 -410 -174 -394
190 160 206 176
250 250 266 266
-10 -140 6 -124
50 -50 66 -34
150 100 166 116
-250 -500 -234 -484
90 10 106 26
10 -110 26 -94
-170 -380 -154 -364
-130 -320 -114 -304
270 280 286 296
290 310 306 326
-50 -200 -34 -184
110 40 126 56
-110 -290 -94 -274
210 190 226 206
-30 -170 -14 -154
310 340 326 356
-230 -470 -214 -454
330 370 346 386
-90 -260 -74 -244
230 220 246 236
-210 -440 -194 -424
30 -80 46 -64
-70 -230 -54 -214
70 -20 86 -4
-150 -350 -134 -334
130 70 146 86
100 6
400 500 0 500
300 600 500 700
500 400 600 500
400 200 600 300
100 0 200 700
800 100 900 500
300 -100 800 0
7 30
-20 1000 20 -1000
50 0 66 16
-130 -300 -114 -284
-85 -225 -69 -209
95 75 111 91
-235 -475 -219 -459
155 175 171 191
125 125 141 141
80 50 96 66
-25 -125 -9 -109
140 150 156 166
20 -50 36 -34
-40 -150 -24 -134
-250 -500 -234 -484
5 -75 21 -59
-175 -375 -159 -359
-220 -450 -204 -434
110 100 126 116
-115 -275 -99 -259
185 225 201 241
-70 -200 -54 -184
170 200 186 216
-205 -425 -189 -409
-10 -100 6 -84
-190 -400 -174 -384
65 25 81 41
-145 -325 -129 -309
-55 -175 -39 -159
35 -25 51 -9
-100 -250 -84 -234
-160 -350 -144 -334
20 30
0 0 1000 1000
552 552 562 562
581 581 591 591
639 639 649 649
494 494 504 504
204 204 214 214
523 523 533 533
146 146 156 156
320 320 330 330
378 378 388 388
465 465 475 475
842 842 852 852
291 291 301 301
407 407 417 417
117 117 127 127
726 726 736 736
755 755 765 765
871 871 881 881
349 349 359 359
784 784 794 794
610 610 620 620
436 436 446 446
88 88 98 98
233 233 243 243
175 175 185 185
668 668 678 678
30 30 40 40
59 59 69 69
813 813 823 823
697 697 707 707
262 262 272 272
7 30
-20 1000 20 -1000
50 0 66 16
-130 -300 -114 -284
-85 -225 -69 -209
95 75 111 91
-235 -475 -219 -459
155 175 171 191
125 125 141 141
80 50 96 66
-25 -125 -9 -109
140 150 156 166
20 -50 36 -34
-40 -150 -24 -134
-250 -500 -234 -484
5 -75 21 -59
-175 -375 -159 -359
-220 -450 -204 -434
110 100 126 116
-115 -275 -99 -259
185 225 201 241
-70 -200 -54 -184
170 200 186 216
-205 -425 -189 -409
-10 -100 6 -84
-190 -400 -174 -384
65 25 81 41
-145 -325 -129 -309
-55 -175 -39 -159
35 -25 51 -9
-100 -250 -84 -234
-160 -350 -144 -334
