500 50
0.522100 0.052700 0.425200
0.719300 0.221200 0.059500
0.503700 0.192100 0.304200
0.812200 0.077800 0.110000
0.121300 0.185100 0.693600
0.513300 0.401300 0.085400
0.145800 0.190100 0.664100
0.678800 0.160400 0.160800
0.904900 0.041900 0.053200
0.352700 0.626600 0.020700
0.619000 0.129100 0.251900
0.435200 0.352800 0.212000
0.102200 0.591800 0.306000
0.450200 0.195500 0.354300
0.453300 0.520400 0.026300
0.048800 0.375300 0.575900
0.167600 0.270600 0.561800
0.732100 0.088100 0.179800
0.209500 0.025600 0.764900
0.046300 0.376000 0.577700
0.881800 0.026700 0.091500
0.393800 0.110500 0.495700
0.306400 0.562800 0.130800
0.987900 0.011500 0.000600
0.842500 0.141300 0.016200
0.502900 0.342400 0.154700
0.279800 0.462000 0.258200
0.646400 0.282600 0.071000
0.385200 0.068400 0.546400
0.821200 0.107300 0.071500
0.706600 0.104900 0.188500
0.959700 0.028500 0.011800
0.445700 0.306800 0.247500
0.608800 0.133400 0.257800
0.835200 0.102800 0.062000
0.370400 0.104100 0.525500
0.747200 0.102400 0.150400
0.436100 0.544000 0.019900
0.052400 0.722400 0.225200
0.596800 0.020300 0.382900
0.928600 0.022600 0.048800
0.530600 0.082800 0.386600
0.950900 0.028900 0.020200
0.621200 0.329500 0.049300
0.274300 0.396300 0.329400
0.960800 0.037800 0.001400
0.826000 0.170100 0.003900
0.727300 0.098300 0.174400
0.768700 0.077300 0.154000
0.419500 0.380100 0.200400
0.351600 0.014700 0.633700
0.754900 0.113300 0.131800
0.919700 0.057400 0.022900
0.162800 0.534100 0.303100
0.001700 0.866000 0.132300
0.061300 0.921400 0.017300
0.421400 0.087200 0.491400
0.229900 0.624100 0.146000
0.098000 0.839500 0.062500
0.767100 0.113200 0.119700
0.903600 0.064400 0.032000
0.371100 0.596500 0.032400
0.009500 0.064200 0.926300
0.429700 0.541000 0.029300
0.241100 0.320100 0.438800
0.576100 0.247700 0.176200
0.890200 0.023600 0.086200
0.320300 0.315400 0.364300
0.741400 0.020400 0.238200
0.608500 0.327700 0.063800
0.485300 0.438400 0.076300
0.811300 0.012800 0.175900
0.549000 0.011100 0.439900
0.077100 0.053100 0.869800
0.412300 0.183500 0.404200
0.365100 0.303000 0.331900
0.929000 0.007300 0.063700
0.172100 0.229500 0.598400
0.339200 0.294400 0.366400
0.848100 0.098700 0.053200
0.937500 0.009000 0.053500
0.725500 0.267100 0.007400
0.807400 0.179200 0.013400
0.061300 0.893900 0.044800
0.076400 0.739400 0.184200
0.596000 0.311900 0.092100
0.059400 0.627700 0.312900
0.149600 0.805800 0.044600
0.231900 0.304000 0.464100
0.337200 0.582800 0.080000
0.468700 0.272900 0.258400
0.123000 0.274000 0.603000
0.870200 0.068200 0.061600
0.336700 0.027200 0.636100
0.398300 0.266200 0.335500
0.084200 0.892300 0.023500
0.348100 0.210200 0.441700
0.026700 0.893200 0.080100
0.620300 0.223200 0.156500
0.122300 0.037300 0.840400
0.652800 0.077500 0.269700
0.907200 0.072100 0.020700
0.334900 0.294300 0.370800
0.530000 0.300200 0.169800
0.530500 0.070200 0.399300
0.339900 0.353500 0.306600
0.173400 0.163300 0.663300
0.622200 0.280000 0.097800
0.215800 0.211700 0.572500
0.732400 0.024100 0.243500
0.654600 0.343900 0.001500
0.666700 0.180200 0.153100
0.933000 0.000500 0.066500
0.598200 0.051100 0.350700
0.071200 0.298900 0.629900
0.968800 0.025000 0.006200
0.720400 0.271300 0.008300
0.112400 0.006200 0.881400
0.083000 0.741200 0.175800
0.279500 0.498800 0.221700
0.027600 0.955100 0.017300
0.097400 0.602200 0.300400
0.487000 0.142900 0.370100
0.041400 0.045700 0.912900
0.147800 0.597500 0.254700
0.908800 0.046400 0.044800
0.800800 0.179900 0.019300
0.721400 0.192600 0.086000
0.291700 0.052300 0.656000
0.622700 0.088400 0.288900
0.062800 0.042100 0.895100
0.045400 0.121900 0.832700
0.945400 0.024500 0.030100
0.570700 0.160800 0.268500
0.300300 0.113300 0.586400
0.322600 0.498400 0.179000
0.169400 0.826300 0.004300
0.134100 0.708300 0.157600
0.148500 0.708400 0.143100
0.986000 0.012400 0.001600
0.817200 0.176600 0.006200
0.204200 0.110900 0.684900
0.966400 0.025000 0.008600
0.524100 0.375900 0.100000
0.823000 0.137000 0.040000
0.795100 0.093800 0.111100
0.275900 0.540900 0.183200
0.565400 0.328900 0.105700
0.134100 0.168000 0.697900
0.323000 0.305000 0.372000
0.590900 0.188000 0.221100
0.286700 0.247500 0.465800
0.200800 0.005500 0.793700
0.762800 0.122800 0.114400
0.504100 0.151800 0.344100
0.658400 0.320800 0.020800
0.791000 0.204200 0.004800
0.916100 0.037000 0.046900
0.506400 0.193500 0.300100
0.224600 0.185800 0.589600
0.788600 0.040200 0.171200
0.769400 0.189100 0.041500
0.446000 0.092600 0.461400
0.997300 0.002700 0.000000
0.891700 0.106200 0.002100
0.475600 0.500800 0.023600
0.166200 0.628400 0.205400
0.120300 0.578500 0.301200
0.953600 0.044400 0.002000
0.531300 0.270800 0.197900
0.231300 0.462600 0.306100
0.411500 0.416700 0.171800
0.606100 0.056600 0.337300
0.682900 0.024400 0.292700
0.659700 0.257100 0.083200
0.399300 0.488600 0.112100
0.143000 0.284100 0.572900
0.988000 0.003600 0.008400
0.639500 0.026500 0.334000
0.854300 0.056500 0.089200
0.686100 0.297300 0.016600
0.370300 0.105600 0.524100
0.016000 0.345700 0.638300
0.198200 0.667600 0.134200
0.505200 0.339200 0.155600
0.052700 0.334800 0.612500
0.062100 0.136200 0.801700
0.471700 0.288200 0.240100
0.492000 0.432300 0.075700
0.102200 0.020800 0.877000
0.166800 0.163000 0.670200
0.668700 0.307000 0.024300
0.363500 0.343100 0.293400
0.405000 0.301900 0.293100
0.530400 0.446600 0.023000
0.076200 0.500700 0.423100
0.231700 0.242800 0.525500
0.860600 0.123300 0.016100
0.184700 0.016000 0.799300
0.216200 0.364900 0.418900
0.179200 0.083500 0.737300
0.346400 0.010200 0.643400
0.059700 0.231000 0.709300
0.215800 0.431400 0.352800
0.817900 0.001700 0.180400
0.007300 0.741200 0.251500
0.205100 0.542600 0.252300
0.356600 0.494300 0.149100
0.513800 0.405000 0.081200
0.487000 0.465900 0.047100
0.571000 0.368700 0.060300
0.200200 0.217900 0.581900
0.382600 0.586500 0.030900
0.312100 0.296900 0.391000
0.047500 0.360200 0.592300
0.126000 0.128300 0.745700
0.885800 0.105400 0.008800
0.049000 0.776300 0.174700
0.065200 0.604200 0.330600
0.617600 0.252900 0.129500
0.752000 0.226900 0.021100
0.019800 0.317100 0.663100
0.624600 0.002100 0.373300
0.937200 0.009400 0.053400
0.180100 0.618900 0.201000
0.659000 0.082200 0.258800
0.544400 0.178500 0.277100
0.913500 0.014600 0.071900
0.238300 0.540900 0.220800
0.602300 0.261800 0.135900
0.140300 0.359000 0.500700
0.094500 0.417700 0.487800
0.334100 0.441300 0.224600
0.203800 0.529400 0.266800
0.080300 0.301900 0.617800
0.077600 0.440300 0.482100
0.049200 0.326900 0.623900
0.273000 0.083700 0.643300
0.435100 0.543600 0.021300
0.928400 0.010600 0.061000
0.641300 0.344300 0.014400
0.687700 0.111600 0.200700
0.564900 0.325300 0.109800
0.053200 0.252800 0.694000
0.591700 0.107600 0.300700
0.120500 0.433100 0.446400
0.394800 0.041700 0.563500
0.820800 0.147200 0.032000
0.096400 0.286000 0.617600
0.194900 0.204000 0.601100
0.055400 0.748900 0.195700
0.146700 0.090300 0.763000
0.987100 0.002100 0.010800
0.412300 0.103100 0.484600
0.254600 0.008000 0.737400
0.551600 0.217400 0.231000
0.592900 0.074700 0.332400
0.022200 0.270700 0.707100
0.801500 0.089600 0.108900
0.330900 0.517600 0.151500
0.651600 0.192500 0.155900
0.215500 0.090600 0.693900
0.732400 0.175300 0.092300
0.048400 0.553000 0.398600
0.991200 0.000400 0.008400
0.089300 0.634700 0.276000
0.378000 0.129600 0.492400
0.143300 0.771900 0.084800
0.258900 0.438500 0.302600
0.042300 0.439600 0.518100
0.649500 0.052300 0.298200
0.902200 0.097600 0.000200
0.422800 0.156100 0.421100
0.900300 0.078600 0.021100
0.477500 0.444200 0.078300
0.331100 0.274500 0.394400
0.596400 0.122300 0.281300
0.024000 0.150200 0.825800
0.299700 0.500900 0.199400
0.671100 0.008500 0.320400
0.252700 0.441100 0.306200
0.295200 0.494100 0.210700
0.937000 0.035900 0.027100
0.918800 0.080700 0.000500
0.251300 0.701300 0.047400
0.108700 0.769900 0.121400
0.346600 0.112300 0.541100
0.672200 0.100300 0.227500
0.488700 0.093700 0.417600
0.071200 0.231200 0.697600
0.700500 0.141200 0.158300
0.512500 0.183000 0.304500
0.020500 0.794500 0.185000
0.024200 0.967100 0.008700
0.574600 0.235000 0.190400
0.009000 0.967700 0.023300
0.361500 0.553600 0.084900
0.180000 0.057700 0.762300
0.952400 0.036300 0.011300
0.091700 0.347900 0.560400
0.043500 0.114500 0.842000
0.963500 0.026900 0.009600
0.127600 0.448300 0.424100
0.257300 0.728100 0.014600
0.840800 0.016300 0.142900
0.520100 0.103400 0.376500
0.079600 0.478100 0.442300
0.483700 0.112100 0.404200
0.488300 0.109200 0.402500
0.547600 0.163000 0.289400
0.642400 0.114300 0.243300
0.703700 0.229700 0.066600
0.937900 0.005200 0.056900
0.346300 0.088700 0.565000
0.975500 0.024000 0.000500
0.708000 0.254300 0.037700
0.684300 0.133900 0.181800
0.299700 0.063400 0.636900
0.105000 0.739100 0.155900
0.373600 0.466000 0.160400
0.945700 0.046400 0.007900
0.296800 0.110200 0.593000
0.555000 0.331500 0.113500
0.727400 0.253200 0.019400
0.532600 0.006200 0.461200
0.543300 0.036600 0.420100
0.366400 0.550600 0.083000
0.546100 0.063900 0.390000
0.294700 0.453100 0.252200
0.185300 0.705200 0.109500
0.611900 0.379200 0.008900
0.963300 0.029300 0.007400
0.914900 0.078900 0.006200
0.046200 0.445000 0.508800
0.169500 0.607100 0.223400
0.611000 0.142400 0.246600
0.239400 0.581200 0.179400
0.133800 0.498500 0.367700
0.951100 0.023300 0.025600
0.876000 0.023700 0.100300
0.826800 0.117400 0.055800
0.919600 0.050400 0.030000
0.941300 0.045900 0.012800
0.754500 0.185000 0.060500
0.991000 0.000100 0.008900
0.876700 0.040600 0.082700
0.074900 0.079500 0.845600
0.927100 0.037600 0.035300
0.616700 0.345300 0.038000
0.367200 0.110800 0.522000
0.819500 0.170900 0.009600
0.262700 0.285000 0.452300
0.850800 0.032300 0.116900
0.552000 0.218800 0.229200
0.593400 0.016400 0.390200
0.435900 0.485000 0.079100
0.013100 0.155400 0.831500
0.649400 0.303200 0.047400
0.892400 0.034900 0.072700
0.867400 0.114000 0.018600
0.725400 0.115700 0.158900
0.282400 0.313400 0.404200
0.356100 0.309200 0.334700
0.266000 0.025900 0.708100
0.916700 0.019200 0.064100
0.215100 0.653300 0.131600
0.607600 0.133900 0.258500
0.942600 0.038100 0.019300
0.877800 0.005400 0.116800
0.584100 0.138900 0.277000
0.139100 0.159700 0.701200
0.510800 0.038500 0.450700
0.703500 0.044600 0.251900
0.112000 0.652700 0.235300
0.076300 0.852000 0.071700
0.573800 0.234800 0.191400
0.442400 0.333100 0.224500
0.329500 0.382100 0.288400
0.777800 0.105500 0.116700
0.073700 0.262900 0.663400
0.911400 0.042100 0.046500
0.501800 0.065000 0.433200
0.141300 0.824100 0.034600
0.414400 0.006500 0.579100
0.558500 0.114300 0.327200
0.051200 0.694800 0.254000
0.852700 0.117000 0.030300
0.907400 0.013000 0.079600
0.926000 0.021800 0.052200
0.581100 0.248300 0.170600
0.404400 0.230700 0.364900
0.265700 0.374300 0.360000
0.502900 0.225100 0.272000
0.457100 0.301900 0.241000
0.269900 0.440900 0.289200
0.317100 0.074000 0.608900
0.837100 0.150100 0.012800
0.203500 0.043100 0.753400
0.912300 0.017600 0.070100
0.316100 0.357400 0.326500
0.376600 0.274900 0.348500
0.733900 0.226000 0.040100
0.500100 0.073800 0.426100
0.476500 0.265800 0.257700
0.124900 0.578100 0.297000
0.182900 0.269100 0.548000
0.842500 0.088200 0.069300
0.826800 0.130500 0.042700
0.960700 0.016000 0.023300
0.062900 0.493600 0.443500
0.987900 0.004000 0.008100
0.560600 0.179700 0.259700
0.622700 0.067900 0.309400
0.532400 0.032000 0.435600
0.636900 0.317200 0.045900
0.712100 0.285200 0.002700
0.232200 0.024800 0.743000
0.924000 0.004100 0.071900
0.008100 0.644200 0.347700
0.049000 0.911900 0.039100
0.543600 0.356300 0.100100
0.214900 0.085600 0.699500
0.687300 0.087300 0.225400
0.672700 0.269100 0.058200
0.838600 0.045200 0.116200
0.333500 0.317900 0.348600
0.523500 0.261600 0.214900
0.795100 0.171500 0.033400
0.719800 0.216300 0.063900
0.935800 0.031600 0.032600
0.192300 0.514300 0.293400
0.987500 0.006900 0.005600
0.718300 0.036900 0.244800
0.702200 0.124300 0.173500
0.528500 0.330000 0.141500
0.052600 0.700900 0.246500
0.012100 0.133600 0.854300
0.827800 0.170500 0.001700
0.843300 0.076200 0.080500
0.263800 0.336100 0.400100
0.576000 0.267200 0.156800
0.243600 0.211600 0.544800
0.247400 0.117500 0.635100
0.885500 0.088100 0.026400
0.443100 0.027700 0.529200
0.926200 0.000100 0.073700
0.957400 0.029500 0.013100
0.677500 0.024400 0.298100
0.397100 0.371800 0.231100
0.384500 0.170700 0.444800
0.373400 0.430900 0.195700
0.236000 0.253800 0.510200
0.606400 0.346700 0.046900
0.513100 0.260000 0.226900
0.716600 0.069900 0.213500
0.934200 0.056700 0.009100
0.305100 0.588300 0.106600
0.727000 0.131000 0.142000
0.031200 0.246900 0.721900
0.570000 0.298700 0.131300
0.076500 0.430900 0.492600
0.698300 0.065000 0.236700
0.194800 0.140200 0.665000
0.020800 0.304400 0.674800
0.247200 0.171900 0.580900
0.075600 0.681800 0.242600
0.356900 0.513800 0.129300
0.050900 0.932500 0.016600
0.818600 0.093200 0.088200
0.551400 0.388600 0.060000
0.597200 0.291600 0.111200
0.720800 0.122400 0.156800
0.404000 0.334800 0.261200
0.229500 0.216600 0.553900
0.907600 0.041100 0.051300
0.461000 0.461600 0.077400
0.873700 0.015400 0.110900
0.788500 0.089800 0.121700
0.669100 0.141600 0.189300
0.023600 0.139600 0.836800
0.493100 0.281600 0.225300
0.562400 0.218000 0.219600
0.900400 0.033200 0.066400
0.546300 0.259500 0.194200
0.386800 0.329200 0.284000
0.905300 0.047900 0.046800
0.553300 0.288900 0.157800
0.981600 0.015600 0.002800
0.113900 0.787100 0.099000
0.708800 0.194200 0.097000
0.963300 0.010400 0.026300
0.320600 0.144900 0.534500
0.227600 0.321100 0.451300
0.139000 0.489100 0.371900
0.028600 0.211700 0.759700
0.395400 0.488600 0.116000
0.498900 0.285300 0.215800
0.973300 0.018600 0.008100
0.203300 0.462500 0.334200
0.474400 0.116500 0.409100
0.465300 0.337500 0.197200
0.325900 0.251500 0.422600
0.260700 0.006800 0.732500
0.224400 0.499000 0.276600
0.475100 0.478000 0.046900
0.911000 0.024600 0.064400
0.063400 0.233600 0.703000
0.784900 0.113700 0.101400
0.330500 0.637200 0.032300
0.310100 0.086000 0.603900
0.423400 0.229300 0.347300
0.719200 0.071000 0.209800
0.598200 0.312400 0.089400
0.395600 0.355800 0.248600
0.626000 0.170000 0.204000
0.355000 0.630400 0.014600
0.625100 0.293100 0.081800
0.076700 0.662100 0.261200
0.173200 0.404500 0.422300
0.107700 0.080300 0.812000
0.114400 0.682500 0.203100
0.817700 0.006200 0.176100
0.680900 0.094100 0.225000
0.640200 0.090800 0.269000
0.684700 0.099500 0.215800
0.267800 0.698200 0.034000
0.164100 0.485900 0.350000
0.452000 0.477400 0.070600
0.817400 0.089300 0.093300
0.705300 0.153200 0.141500
0.753500 0.057700 0.188800
0.687800 0.249700 0.062500
0.682400 0.269600 0.048000
0.209200 0.110000 0.680800
0.352200 0.096400 0.551400
0.163400 0.273900 0.562700
0.457700 0.351800 0.190500
0.922400 0.070100 0.007500
0.066200 0.651300 0.282500
0.269900 0.578200 0.151900
0.867800 0.102200 0.030000
0.596400 0.042600 0.361000
0.786600 0.163100 0.050300
0.200700 0.467200 0.332100
0.875800 0.122600 0.001600
0.013500 0.412900 0.573600
0.502100 0.110300 0.387600
0.293000 0.648400 0.058600
0.870300 0.047500 0.082200
0.457400 0.141900 0.400700
