30 30
0 255
2 5 10 17 26 37 50 65 82 101 122 145 170 197 226 1 34 69 106 145 186 229 18 65 114 165 218 17 74 133
5 8 13 20 29 40 53 68 85 104 125 148 173 200 229 4 37 72 109 148 189 232 21 68 117 168 221 20 77 136
10 13 18 25 34 45 58 73 90 109 130 153 178 205 234 9 42 77 114 153 194 237 26 73 122 173 226 25 82 141
17 20 25 32 41 52 65 80 97 116 137 160 185 212 241 16 49 84 121 160 201 244 33 80 129 180 233 32 89 148
26 29 34 41 50 61 74 89 106 125 146 169 194 221 250 25 58 93 130 169 210 253 42 89 138 189 242 41 98 157
37 40 45 52 61 72 85 100 117 136 157 180 205 232 5 36 69 104 141 180 221 8 53 100 149 200 253 52 109 168
50 53 58 65 74 85 98 113 130 149 170 193 218 245 18 49 82 117 154 193 234 21 66 113 162 213 10 65 122 181
65 68 73 80 89 100 113 128 145 164 185 208 233 4 33 64 97 132 169 208 249 36 81 128 177 228 25 80 137 196
82 85 90 97 106 117 130 145 162 181 202 225 250 21 50 81 114 149 186 225 10 53 98 145 194 245 42 97 154 213
101 104 109 116 125 136 149 164 181 200 221 244 13 40 69 100 133 168 205 244 29 72 117 164 213 8 61 116 173 232
122 125 130 137 146 157 170 185 202 221 242 9 34 61 90 121 154 189 226 9 50 93 138 185 234 29 82 137 194 253
145 148 153 160 169 180 193 208 225 244 9 32 57 84 113 144 177 212 249 32 73 116 161 208 1 52 105 160 217 20
170 173 178 185 194 205 218 233 250 13 34 57 82 109 138 169 202 237 18 57 98 141 186 233 26 77 130 185 242 45
197 200 205 212 221 232 245 4 21 40 61 84 109 136 165 196 229 8 45 84 125 168 213 4 53 104 157 212 13 72
226 229 234 241 250 5 18 33 50 69 90 113 138 165 194 225 2 37 74 113 154 197 242 33 82 133 186 241 42 101
1 4 9 16 25 36 49 64 81 100 121 144 169 196 225 0 33 68 105 144 185 228 17 64 113 164 217 16 73 132
34 37 42 49 58 69 82 97 114 133 154 177 202 229 2 33 66 101 138 177 218 5 50 97 146 197 250 49 106 165
69 72 77 84 93 104 117 132 149 168 189 212 237 8 37 68 101 136 173 212 253 40 85 132 181 232 29 84 141 200
106 109 114 121 130 141 154 169 186 205 226 249 18 45 74 105 138 173 210 249 34 77 122 169 218 13 66 121 178 237
145 148 153 160 169 180 193 208 225 244 9 32 57 84 113 144 177 212 249 32 73 116 161 208 1 52 105 160 217 20
186 189 194 201 210 221 234 249 10 29 50 73 98 125 154 185 218 253 34 73 114 157 202 249 42 93 146 201 2 61
229 232 237 244 253 8 21 36 53 72 93 116 141 168 197 228 5 40 77 116 157 200 245 36 85 136 189 244 45 104
18 21 26 33 42 53 66 81 98 117 138 161 186 213 242 17 50 85 122 161 202 245 34 81 130 181 234 33 90 149
65 68 73 80 89 100 113 128 145 164 185 208 233 4 33 64 97 132 169 208 249 36 81 128 177 228 25 80 137 196
114 117 122 129 138 149 162 177 194 213 234 1 26 53 82 113 146 181 218 1 42 85 130 177 226 21 74 129 186 245
165 168 173 180 189 200 213 228 245 8 29 52 77 104 133 164 197 232 13 52 93 136 181 228 21 72 125 180 237 40
218 221 226 233 242 253 10 25 42 61 82 105 130 157 186 217 250 29 66 105 146 189 234 25 74 125 178 233 34 93
17 20 25 32 41 52 65 80 97 116 137 160 185 212 241 16 49 84 121 160 201 244 33 80 129 180 233 32 89 148
74 77 82 89 98 109 122 137 154 173 194 217 242 13 42 73 106 141 178 217 2 45 90 137 186 237 34 89 146 205
133 136 141 148 157 168 181 196 213 232 253 20 45 72 101 132 165 200 237 20 61 104 149 196 245 40 93 148 205 8
