500 400
0.600200 0.062100 0.337700
0.412400 0.557100 0.030500
0.261900 0.006600 0.731500
0.109900 0.105500 0.784600
0.255700 0.061900 0.682400
0.255200 0.192900 0.551900
0.700100 0.217400 0.082500
0.229900 0.123600 0.646500
0.602200 0.131200 0.266600
0.508400 0.215400 0.276200
0.475000 0.496400 0.028600
0.118200 0.250900 0.630900
0.772400 0.133200 0.094400
0.820400 0.029500 0.150100
0.078700 0.371500 0.549800
0.958400 0.040600 0.001000
0.162300 0.578400 0.259300
0.773700 0.135400 0.090900
0.189900 0.172700 0.637400
0.350300 0.115400 0.534300
0.721600 0.229800 0.048600
0.389500 0.008600 0.601900
0.764900 0.144700 0.090400
0.190900 0.359500 0.449600
0.163500 0.578400 0.258100
0.488400 0.323300 0.188300
0.197600 0.705900 0.096500
0.515400 0.025500 0.459100
0.414900 0.064600 0.520500
0.119600 0.679500 0.200900
0.165100 0.002900 0.832000
0.408000 0.584500 0.007500
0.028100 0.192200 0.779700
0.741200 0.163500 0.095300
0.776800 0.118100 0.105100
0.557700 0.164100 0.278200
0.173400 0.096300 0.730300
0.915000 0.055700 0.029300
0.133100 0.505700 0.361200
0.710800 0.201000 0.088200
0.488100 0.200100 0.311800
0.029600 0.834500 0.135900
0.123600 0.362800 0.513600
0.875200 0.016800 0.108000
0.823000 0.089300 0.087700
0.368300 0.067000 0.564700
0.081400 0.668100 0.250500
0.315900 0.275600 0.408500
0.804500 0.151200 0.044300
0.926300 0.006300 0.067400
0.294100 0.181200 0.524700
0.472600 0.493600 0.033800
0.847700 0.131800 0.020500
0.191900 0.326900 0.481200
0.583000 0.136000 0.281000
0.879900 0.014000 0.106100
0.643500 0.169100 0.187400
0.784500 0.152400 0.063100
0.804400 0.057500 0.138100
0.903900 0.051300 0.044800
0.331900 0.423200 0.244900
0.606100 0.175900 0.218000
0.971300 0.017700 0.011000
0.546800 0.266000 0.187200
0.743200 0.138900 0.117900
0.851700 0.079400 0.068900
0.849600 0.015400 0.135000
0.766900 0.016300 0.216800
0.731700 0.044900 0.223400
0.045500 0.853200 0.101300
0.176200 0.666700 0.157100
0.166900 0.114100 0.719000
0.789400 0.116100 0.094500
0.422500 0.056200 0.521300
0.350900 0.550300 0.098800
0.857100 0.141000 0.001900
0.475200 0.447300 0.077500
0.442900 0.062700 0.494400
0.537600 0.392800 0.069600
0.344400 0.153800 0.501800
0.464700 0.015200 0.520100
0.057300 0.333800 0.608900
0.281000 0.291500 0.427500
0.109300 0.196200 0.694500
0.181400 0.169200 0.649400
0.764600 0.171300 0.064100
0.534100 0.458400 0.007500
0.037800 0.666100 0.296100
0.836500 0.082700 0.080800
0.353800 0.504500 0.141700
0.157700 0.182100 0.660200
0.645900 0.092000 0.262100
0.431300 0.131000 0.437700
0.399700 0.484200 0.116100
0.043500 0.573900 0.382600
0.502200 0.363100 0.134700
0.063900 0.596700 0.339400
0.547300 0.060100 0.392600
0.262900 0.692300 0.044800
0.824000 0.071600 0.104400
0.921500 0.042000 0.036500
0.931600 0.014400 0.054000
0.008100 0.714100 0.277800
0.166200 0.807900 0.025900
0.787300 0.076200 0.136500
0.176300 0.686400 0.137300
0.625800 0.196200 0.178000
0.007200 0.085000 0.907800
0.300200 0.284800 0.415000
0.738300 0.054500 0.207200
0.758900 0.126600 0.114500
0.744900 0.075200 0.179900
0.004300 0.188000 0.807700
0.789600 0.027100 0.183300
0.029100 0.437100 0.533800
0.613600 0.275600 0.110800
0.150700 0.223900 0.625400
0.487400 0.079400 0.433200
0.786500 0.175500 0.038000
0.498900 0.466000 0.035100
0.566100 0.400200 0.033700
0.505000 0.333600 0.161400
0.992600 0.005700 0.001700
0.056800 0.395500 0.547700
0.103400 0.810300 0.086300
0.184300 0.021800 0.793900
0.513200 0.338100 0.148700
0.070700 0.223100 0.706200
0.947500 0.028000 0.024500
0.269500 0.142500 0.588000
0.267500 0.679400 0.053100
0.730300 0.095200 0.174500
0.713300 0.121900 0.164800
0.219400 0.400000 0.380600
0.340100 0.151000 0.508900
0.638100 0.272600 0.089300
0.295100 0.463700 0.241200
0.142300 0.123800 0.733900
0.778800 0.004400 0.216800
0.012900 0.235400 0.751700
0.507500 0.437400 0.055100
0.757400 0.214400 0.028200
0.419100 0.382800 0.198100
0.856400 0.047100 0.096500
0.476000 0.093100 0.430900
0.383500 0.057200 0.559300
0.502100 0.360400 0.137500
0.805500 0.190600 0.003900
0.651100 0.048700 0.300200
0.273100 0.670200 0.056700
0.423500 0.322800 0.253700
0.011800 0.268500 0.719700
0.018100 0.922500 0.059400
0.908100 0.017000 0.074900
0.511700 0.268900 0.219400
0.643100 0.014900 0.342000
0.100400 0.253700 0.645900
0.388000 0.462600 0.149400
0.872800 0.113300 0.013900
0.857800 0.078500 0.063700
0.265100 0.596300 0.138600
0.821700 0.043500 0.134800
0.093100 0.471200 0.435700
0.296000 0.630100 0.073900
0.098200 0.665300 0.236500
0.917200 0.020200 0.062600
0.350800 0.371500 0.277700
0.150500 0.531700 0.317800
0.870800 0.039300 0.089900
0.533300 0.441000 0.025700
0.278700 0.219400 0.501900
0.093800 0.395400 0.510800
0.391800 0.195800 0.412400
0.470900 0.419800 0.109300
0.830100 0.039700 0.130200
0.656400 0.161000 0.182600
0.017300 0.413700 0.569000
0.185200 0.040100 0.774700
0.131200 0.471200 0.397600
0.590800 0.380200 0.029000
0.386800 0.476100 0.137100
0.225300 0.306200 0.468500
0.166500 0.254700 0.578800
0.687100 0.214100 0.098800
0.739900 0.192900 0.067200
0.318700 0.509800 0.171500
0.726600 0.063800 0.209600
0.166900 0.276100 0.557000
0.812700 0.029200 0.158100
0.694400 0.269100 0.036500
0.253500 0.600100 0.146400
0.936300 0.012900 0.050800
0.250500 0.277100 0.472400
0.645400 0.107600 0.247000
0.266700 0.522100 0.211200
0.798900 0.108700 0.092400
0.046900 0.077400 0.875700
0.671100 0.132500 0.196400
0.304300 0.588900 0.106800
0.356600 0.466400 0.177000
0.604100 0.350100 0.045800
0.200300 0.255900 0.543800
0.509200 0.057900 0.432900
0.660800 0.068400 0.270800
0.439200 0.096500 0.464300
0.658100 0.081400 0.260500
0.388900 0.368300 0.242800
0.207400 0.058300 0.734300
0.404400 0.536700 0.058900
0.008100 0.925100 0.066800
0.156700 0.656000 0.187300
0.513600 0.020700 0.465700
0.253500 0.679700 0.066800
0.809600 0.061800 0.128600
0.375300 0.372400 0.252300
0.273300 0.626800 0.099900
0.916900 0.019300 0.063800
0.130700 0.762000 0.107300
0.563500 0.383300 0.053200
0.582000 0.031600 0.386400
0.268800 0.372500 0.358700
0.978700 0.001300 0.020000
0.595000 0.363900 0.041100
0.911700 0.074300 0.014000
0.669400 0.170600 0.160000
0.820300 0.094500 0.085200
0.571100 0.214400 0.214500
0.325400 0.484000 0.190600
0.273800 0.566800 0.159400
0.489400 0.054800 0.455800
0.103000 0.288600 0.608400
0.100600 0.813200 0.086200
0.499900 0.301000 0.199100
0.079800 0.565500 0.354700
0.662700 0.183800 0.153500
0.210000 0.699200 0.090800
0.944400 0.000900 0.054700
0.460300 0.185900 0.353800
0.960600 0.021800 0.017600
0.487100 0.312800 0.200100
0.327900 0.083500 0.588600
0.645500 0.219100 0.135400
0.457100 0.217500 0.325400
0.479500 0.145300 0.375200
0.679000 0.029400 0.291600
0.299900 0.034100 0.666000
0.218100 0.517600 0.264300
0.881100 0.073200 0.045700
0.373000 0.424400 0.202600
0.928900 0.050600 0.020500
0.310200 0.111400 0.578400
0.203300 0.566000 0.230700
0.306200 0.427500 0.266300
0.201000 0.073800 0.725200
0.581300 0.343400 0.075300
0.303900 0.124000 0.572100
0.307800 0.242700 0.449500
0.511600 0.012600 0.475800
0.427400 0.192600 0.380000
0.324000 0.350700 0.325300
0.579000 0.253000 0.168000
0.018300 0.895900 0.085800
0.734500 0.065000 0.200500
0.035800 0.424600 0.539600
0.200900 0.140600 0.658500
0.299400 0.593400 0.107200
0.846100 0.025800 0.128100
0.875800 0.056300 0.067900
0.116700 0.879700 0.003600
0.486400 0.371700 0.141900
0.389100 0.008100 0.602800
0.834500 0.007000 0.158500
0.011000 0.250000 0.739000
0.910800 0.036000 0.053200
0.548800 0.156400 0.294800
0.032500 0.051100 0.916400
0.558700 0.375100 0.066200
0.438500 0.095000 0.466500
0.778400 0.219100 0.002500
0.535600 0.323600 0.140800
0.017200 0.834000 0.148800
0.830600 0.162500 0.006900
0.616700 0.282500 0.100800
0.261100 0.719300 0.019600
0.506400 0.203900 0.289700
0.789600 0.034800 0.175600
0.152100 0.536000 0.311900
0.824300 0.140300 0.035400
0.484700 0.485200 0.030100
0.075600 0.315200 0.609200
0.171300 0.056100 0.772600
0.434200 0.152400 0.413400
0.847700 0.054300 0.098000
0.542500 0.092600 0.364900
0.653900 0.199100 0.147000
0.730000 0.036200 0.233800
0.159100 0.391100 0.449800
0.072000 0.455600 0.472400
0.528400 0.048000 0.423600
0.154300 0.184100 0.661600
0.804100 0.004100 0.191800
0.600900 0.296400 0.102700
0.539400 0.112300 0.348300
0.674000 0.289900 0.036100
0.144400 0.668500 0.187100
0.150000 0.390900 0.459100
0.033900 0.655700 0.310400
0.354700 0.562400 0.082900
0.873600 0.121800 0.004600
0.052400 0.041800 0.905800
0.777400 0.194500 0.028100
0.070800 0.267400 0.661800
0.950100 0.046400 0.003500
0.867700 0.024800 0.107500
0.770800 0.113600 0.115600
0.070500 0.902300 0.027200
0.706900 0.013500 0.279600
0.151400 0.614500 0.234100
0.162000 0.189600 0.648400
0.163300 0.444600 0.392100
0.156800 0.528000 0.315200
0.124300 0.699200 0.176500
0.776900 0.146400 0.076700
0.104400 0.400100 0.495500
0.156000 0.329500 0.514500
0.431700 0.513100 0.055200
0.572400 0.049000 0.378600
0.836200 0.058300 0.105500
0.017300 0.130400 0.852300
0.972300 0.017100 0.010600
0.816800 0.110600 0.072600
0.180100 0.087800 0.732100
0.663000 0.033300 0.303700
0.136300 0.126100 0.737600
0.085000 0.358300 0.556700
0.897900 0.095300 0.006800
0.504100 0.030900 0.465000
0.900300 0.084400 0.015300
0.152700 0.618700 0.228600
0.990200 0.002300 0.007500
0.689500 0.042500 0.268000
0.607300 0.175000 0.217700
0.021800 0.260900 0.717300
0.235500 0.270300 0.494200
0.804100 0.072600 0.123300
0.434200 0.125400 0.440400
0.422300 0.250500 0.327200
0.032200 0.286600 0.681200
0.212600 0.497500 0.289900
0.438300 0.184000 0.377700
0.380200 0.415100 0.204700
0.032400 0.218500 0.749100
0.642900 0.269700 0.087400
0.290600 0.682900 0.026500
0.750500 0.042500 0.207000
0.697700 0.197500 0.104800
0.389500 0.111900 0.498600
0.970600 0.005800 0.023600
0.668800 0.240500 0.090700
0.198700 0.263400 0.537900
0.503900 0.188600 0.307500
0.489500 0.305600 0.204900
0.179800 0.182300 0.637900
0.002000 0.682400 0.315600
0.541100 0.341500 0.117400
0.233800 0.443200 0.323000
0.785100 0.159000 0.055900
0.930500 0.004100 0.065400
0.227900 0.501100 0.271000
0.231100 0.044000 0.724900
0.336300 0.035600 0.628100
0.291500 0.081800 0.626700
0.540400 0.032400 0.427200
0.653600 0.232200 0.114200
0.786300 0.014200 0.199500
0.140100 0.815600 0.044300
0.679400 0.197300 0.123300
0.114800 0.371700 0.513500
0.135500 0.396900 0.467600
0.014200 0.469600 0.516200
0.861100 0.096500 0.042400
0.887000 0.012800 0.100200
0.937800 0.031700 0.030500
0.951600 0.040900 0.007500
0.452800 0.076900 0.470300
0.739500 0.122300 0.138200
0.065900 0.364200 0.569900
0.938800 0.055400 0.005800
0.624400 0.222400 0.153200
0.529000 0.106100 0.364900
0.207200 0.107900 0.684900
0.470800 0.019700 0.509500
0.538000 0.091700 0.370300
0.474700 0.142400 0.382900
0.448400 0.527500 0.024100
0.201700 0.260400 0.537900
0.647900 0.137300 0.214800
0.225800 0.420800 0.353400
0.589400 0.326000 0.084600
0.110900 0.733800 0.155300
0.091700 0.170400 0.737900
0.679700 0.286500 0.033800
0.825100 0.140700 0.034200
0.632300 0.054300 0.313400
0.492300 0.418500 0.089200
0.657000 0.286400 0.056600
0.324300 0.436800 0.238900
0.533500 0.136400 0.330100
0.485300 0.017200 0.497500
0.027000 0.930500 0.042500
0.283900 0.709500 0.006600
0.970300 0.018200 0.011500
0.680800 0.118900 0.200300
0.095700 0.352300 0.552000
0.774400 0.152500 0.073100
0.526000 0.011800 0.462200
0.181600 0.521800 0.296600
0.274200 0.207100 0.518700
0.059200 0.285900 0.654900
0.190800 0.669700 0.139500
0.746000 0.057400 0.196600
0.115000 0.619900 0.265100
0.813500 0.094200 0.092300
0.220300 0.744800 0.034900
0.571600 0.403900 0.024500
0.140900 0.634800 0.224300
0.367700 0.542300 0.090000
0.828200 0.106200 0.065600
0.554600 0.183300 0.262100
0.529800 0.304600 0.165600
0.533600 0.019600 0.446800
0.416700 0.315400 0.267900
0.233500 0.092000 0.674500
0.591900 0.334700 0.073400
0.220800 0.058900 0.720300
0.365000 0.090700 0.544300
0.802600 0.100900 0.096500
0.444600 0.402800 0.152600
0.633900 0.364200 0.001900
0.802500 0.171700 0.025800
0.045500 0.641900 0.312600
0.202700 0.016900 0.780400
0.708300 0.033100 0.258600
0.662500 0.079000 0.258500
0.062200 0.479800 0.458000
0.301600 0.341700 0.356700
0.021000 0.321000 0.658000
0.828900 0.017800 0.153300
0.233300 0.408700 0.358000
0.612900 0.003900 0.383200
0.874900 0.072200 0.052900
0.178500 0.041000 0.780500
0.830500 0.147300 0.022200
0.651500 0.138800 0.209700
0.028000 0.295000 0.677000
0.376800 0.008300 0.614900
0.247500 0.127100 0.625400
0.062700 0.744700 0.192600
0.044800 0.078900 0.876300
0.462800 0.083100 0.454100
0.194300 0.094400 0.711300
0.925400 0.068300 0.006300
0.844300 0.083300 0.072400
0.187000 0.053100 0.759900
0.982200 0.000800 0.017000
0.505000 0.074100 0.420900
0.040300 0.585600 0.374100
0.033800 0.162800 0.803400
0.813700 0.149900 0.036400
0.482000 0.000500 0.517500
0.798200 0.191700 0.010100
0.419300 0.521800 0.058900
0.269200 0.065600 0.665200
0.035600 0.352300 0.612100
0.505500 0.257100 0.237400
0.321000 0.334300 0.344700
0.033800 0.085800 0.880400
0.103000 0.350600 0.546400
0.170500 0.307400 0.522100
0.465300 0.021900 0.512800
0.756000 0.045200 0.198800
0.005900 0.227900 0.766200
0.125100 0.205200 0.669700
0.988700 0.009800 0.001500
0.763300 0.188200 0.048500
0.146500 0.210700 0.642800
0.753400 0.126500 0.120100
0.508100 0.099300 0.392600
0.570600 0.144700 0.284700
0.453000 0.156500 0.390500
0.948800 0.016000 0.035200
0.431300 0.312000 0.256700
0.414700 0.298500 0.286800
0.830100 0.117400 0.052500
0.003600 0.749500 0.246900
0.846300 0.025100 0.128600
0.199000 0.408600 0.392400
0.041300 0.329600 0.629100
0.438300 0.034800 0.526900
0.097300 0.478900 0.423800
0.506400 0.051800 0.441800
0.319700 0.146900 0.533400
0.256600 0.583900 0.159500
0.110700 0.623200 0.266100
0.239800 0.260000 0.500200
0.508500 0.239500 0.252000
0.430100 0.079600 0.490300
0.724300 0.180000 0.095700
0.346000 0.272300 0.381700
0.253300 0.654100 0.092600
0.267400 0.465800 0.266800
0.630600 0.294600 0.074800
0.633400 0.089000 0.277600
0.315000 0.143500 0.541500
0.148700 0.105000 0.746300
0.576300 0.346600 0.077100
0.238500 0.425900 0.335600
0.185100 0.656800 0.158100
0.378600 0.103900 0.517500
0.499800 0.105300 0.394900
0.699900 0.150200 0.149900
0.329800 0.466000 0.204200
0.268900 0.116800 0.614300
0.394800 0.094800 0.510400
0.630800 0.155100 0.214100
0.563800 0.266100 0.170100
0.127100 0.156400 0.716500
0.287900 0.499800 0.212300
0.129700 0.253100 0.617200
0.153900 0.183200 0.662900
0.511100 0.227700 0.261200
0.120700 0.330500 0.548800
0.584200 0.079100 0.336700
0.655800 0.080000 0.264200
0.332400 0.445800 0.221800
0.282300 0.479900 0.237800
0.498200 0.334200 0.167600
0.173100 0.597900 0.229000
0.206200 0.054700 0.739100
0.095000 0.191500 0.713500
0.310400 0.603200 0.086400
0.325400 0.538400 0.136200
0.151000 0.621600 0.227400
0.608600 0.108200 0.283200
0.069000 0.745100 0.185900
0.825500 0.071400 0.103100
0.690000 0.119100 0.190900
0.517900 0.176600 0.305500
0.081000 0.670600 0.248400
0.162900 0.187000 0.650100
0.146600 0.087500 0.765900
0.245400 0.119800 0.634800
0.397200 0.055200 0.547600
0.199000 0.594000 0.207000
0.425400 0.408600 0.166000
0.360200 0.275900 0.363900
0.706400 0.204400 0.089200
0.584400 0.134600 0.281000
0.219600 0.206300 0.574100
0.333400 0.200500 0.466100
0.190000 0.726100 0.083900
0.166400 0.270800 0.562800
0.404400 0.279300 0.316300
0.523800 0.419900 0.056300
0.471300 0.281000 0.247700
0.740600 0.181800 0.077600
0.269000 0.347700 0.383300
0.060000 0.850000 0.090000
0.534300 0.349600 0.116100
0.668300 0.276000 0.055700
0.346100 0.440200 0.213700
0.152600 0.171900 0.675500
0.411400 0.157300 0.431300
0.267700 0.561700 0.170600
0.627800 0.168400 0.203800
0.746200 0.200900 0.052900
0.140800 0.705700 0.153500
0.593400 0.214900 0.191700
0.339200 0.207100 0.453700
0.112300 0.185000 0.702700
0.526500 0.191700 0.281800
0.517700 0.271100 0.211200
0.449000 0.182200 0.368800
0.710400 0.081800 0.207800
0.660700 0.185400 0.153900
0.303100 0.271300 0.425600
0.146000 0.650800 0.203200
0.257200 0.138900 0.603900
0.338500 0.404400 0.257100
0.142900 0.618800 0.238300
0.083700 0.354000 0.562300
0.364800 0.249500 0.385700
0.696200 0.133200 0.170600
0.155800 0.285500 0.558700
0.249700 0.445800 0.304500
0.520200 0.077600 0.402200
0.521500 0.193300 0.285200
0.170200 0.569500 0.260300
0.401800 0.099200 0.499000
0.230500 0.090200 0.679300
0.559000 0.096600 0.344400
0.377200 0.279400 0.343400
0.422300 0.292500 0.285200
0.462400 0.396500 0.141100
0.162500 0.178900 0.658600
0.212500 0.719500 0.068000
0.269000 0.169300 0.561700
0.732900 0.068600 0.198500
0.053400 0.235600 0.711000
0.253800 0.320200 0.426000
0.592500 0.234500 0.173000
0.273200 0.250600 0.476200
0.766200 0.158500 0.075300
0.122900 0.599300 0.277800
0.454200 0.231800 0.314000
0.087900 0.428000 0.484100
0.598300 0.061500 0.340200
0.270600 0.304900 0.424500
0.236800 0.417600 0.345600
0.280000 0.625000 0.095000
0.455700 0.056100 0.488200
0.454900 0.111900 0.433200
0.403900 0.175700 0.420400
0.797400 0.132800 0.069800
0.743100 0.169100 0.087800
0.320000 0.153700 0.526300
0.128500 0.100900 0.770600
0.271200 0.215800 0.513000
0.272200 0.110900 0.616900
0.472200 0.321900 0.205900
0.494200 0.224600 0.281200
0.706800 0.051100 0.242100
0.222900 0.492400 0.284700
0.329500 0.475000 0.195500
0.132500 0.088000 0.779500
0.076100 0.657600 0.266300
0.485800 0.296700 0.217500
0.412100 0.162200 0.425700
0.667900 0.173600 0.158500
0.116800 0.185300 0.697900
0.293500 0.339200 0.367300
0.286400 0.529500 0.184100
0.248400 0.121300 0.630300
0.375400 0.098100 0.526500
0.250200 0.476600 0.273200
0.395600 0.415000 0.189400
0.499200 0.073900 0.426900
0.227600 0.662300 0.110100
0.405200 0.416200 0.178600
0.617600 0.112700 0.269700
0.753000 0.098400 0.148600
0.529300 0.083400 0.387300
0.415100 0.215200 0.369700
0.225400 0.674000 0.100600
0.243300 0.210800 0.545900
0.119700 0.514700 0.365600
0.175900 0.360700 0.463400
0.557000 0.262900 0.180100
0.720600 0.172400 0.107000
0.204600 0.460200 0.335200
0.389900 0.470600 0.139500
0.090200 0.328400 0.581400
0.761400 0.156000 0.082600
0.232100 0.120500 0.647400
0.573600 0.207300 0.219100
0.309700 0.609500 0.080800
0.080000 0.866900 0.053100
0.413500 0.496300 0.090200
0.145700 0.283300 0.571000
0.079900 0.120100 0.800000
0.347400 0.577500 0.075100
0.626500 0.149500 0.224000
0.232000 0.288500 0.479500
0.188700 0.175400 0.635900
0.217900 0.413500 0.368600
0.676900 0.050500 0.272600
0.635600 0.259100 0.105300
0.413800 0.168600 0.417600
0.070400 0.774500 0.155100
0.453600 0.055500 0.490900
0.071600 0.356900 0.571500
0.313700 0.437600 0.248700
0.708300 0.166100 0.125600
0.368500 0.296400 0.335100
0.323300 0.566200 0.110500
0.069700 0.372200 0.558100
0.274700 0.524600 0.200700
0.537800 0.184000 0.278200
0.839000 0.108700 0.052300
0.462200 0.275100 0.262700
0.466400 0.096200 0.437400
0.252700 0.145400 0.601900
0.111000 0.075300 0.813700
0.714200 0.166200 0.119600
0.184900 0.388400 0.426700
0.509800 0.417200 0.073000
0.685300 0.259800 0.054900
0.190600 0.316800 0.492600
0.384200 0.242400 0.373400
0.673900 0.131700 0.194400
0.169700 0.609400 0.220900
0.185200 0.346100 0.468700
0.454400 0.219800 0.325800
0.452900 0.495900 0.051200
0.699600 0.143600 0.156800
0.701900 0.131000 0.167100
0.636600 0.188000 0.175400
0.717500 0.159400 0.123100
0.072900 0.313000 0.614100
0.148300 0.629800 0.221900
0.065500 0.711000 0.223500
0.228600 0.285200 0.486200
0.170400 0.108100 0.721500
0.070100 0.484900 0.445000
0.561900 0.278700 0.159400
0.581800 0.073300 0.344900
0.640200 0.205200 0.154600
0.528600 0.368300 0.103100
0.832400 0.110100 0.057500
0.136500 0.534300 0.329200
0.808000 0.067500 0.124500
0.304100 0.445200 0.250700
0.226000 0.505600 0.268400
0.123300 0.687600 0.189100
0.467900 0.064400 0.467700
0.069900 0.608700 0.321400
0.190800 0.204500 0.604700
0.679700 0.119500 0.200800
0.288500 0.546400 0.165100
0.542700 0.196700 0.260600
0.428000 0.518200 0.053800
0.817100 0.124000 0.058900
0.538100 0.357000 0.104900
0.130500 0.718000 0.151500
0.332600 0.292100 0.375300
0.417700 0.458100 0.124200
0.410600 0.523800 0.065600
0.522400 0.270700 0.206900
0.203900 0.382300 0.413800
0.604500 0.104100 0.291400
0.260600 0.270400 0.469000
0.547900 0.158700 0.293400
0.262500 0.225600 0.511900
0.076800 0.767100 0.156100
0.072600 0.129400 0.798000
0.638700 0.107900 0.253400
0.351300 0.161200 0.487500
0.401600 0.545400 0.053000
0.317700 0.311600 0.370700
0.821800 0.098600 0.079600
0.089900 0.503100 0.407000
0.468400 0.457000 0.074600
0.216600 0.270700 0.512700
0.713600 0.155800 0.130600
0.210400 0.473400 0.316200
0.748100 0.065800 0.186100
0.079800 0.311600 0.608600
0.425000 0.202000 0.373000
0.752000 0.194900 0.053100
0.144600 0.592000 0.263400
0.418500 0.434100 0.147400
0.077000 0.697000 0.226000
0.078500 0.870500 0.051000
0.852600 0.051100 0.096300
0.065900 0.508600 0.425500
0.063300 0.509700 0.427000
0.340700 0.527400 0.131900
0.124700 0.185300 0.690000
0.216500 0.578600 0.204900
0.870800 0.077100 0.052100
0.084600 0.354200 0.561200
0.174600 0.721800 0.103600
0.366600 0.414700 0.218700
0.764600 0.120900 0.114500
0.456800 0.096700 0.446500
0.811800 0.071400 0.116800
0.088900 0.507800 0.403300
0.091000 0.385100 0.523900
0.628000 0.131900 0.240100
0.818900 0.123100 0.058000
0.167400 0.654800 0.177800
0.471800 0.072700 0.455500
0.228600 0.563800 0.207600
0.376800 0.064800 0.558400
0.207400 0.457300 0.335300
0.550800 0.212600 0.236600
0.361900 0.174100 0.464000
0.863400 0.076800 0.059800
0.145000 0.095000 0.760000
0.341400 0.398300 0.260300
0.155500 0.599300 0.245200
0.101600 0.277100 0.621300
0.506400 0.158100 0.335500
0.443800 0.180900 0.375300
0.326500 0.348500 0.325000
0.790900 0.134700 0.074400
0.127000 0.375400 0.497600
0.053400 0.118000 0.828600
0.640700 0.222100 0.137200
0.720200 0.222200 0.057600
0.732200 0.062200 0.205600
0.328400 0.171000 0.500600
0.722000 0.182400 0.095600
0.250900 0.250900 0.498200
0.393400 0.536100 0.070500
0.857300 0.070400 0.072300
0.052300 0.437900 0.509800
0.159100 0.221200 0.619700
0.300100 0.134200 0.565700
0.370600 0.387900 0.241500
0.449500 0.353200 0.197300
0.178800 0.452100 0.369100
0.837800 0.057300 0.104900
0.083200 0.763900 0.152900
0.471100 0.234200 0.294700
0.383900 0.553400 0.062700
0.370200 0.521800 0.108000
0.306000 0.492200 0.201800
0.056100 0.217700 0.726200
0.318700 0.271700 0.409600
0.562700 0.052900 0.384400
0.238200 0.258400 0.503400
0.751600 0.123700 0.124700
0.088600 0.269500 0.641900
0.741000 0.208800 0.050200
0.763300 0.103800 0.132900
0.109500 0.588000 0.302500
0.200900 0.492600 0.306500
0.657700 0.290600 0.051700
0.266900 0.062600 0.670500
0.472000 0.164700 0.363300
0.791300 0.113000 0.095700
0.731600 0.085200 0.183200
0.561900 0.139400 0.298700
0.103900 0.255500 0.640600
0.832400 0.078800 0.088800
0.075600 0.097800 0.826600
0.281300 0.095600 0.623100
0.815700 0.109500 0.074800
0.645400 0.232700 0.121900
0.550400 0.127500 0.322100
0.250500 0.309300 0.440200
0.262600 0.320400 0.417000
0.842400 0.055800 0.101800
0.107800 0.296600 0.595600
0.343700 0.074300 0.582000
0.203000 0.300000 0.497000
0.103700 0.719400 0.176900
0.692600 0.073900 0.233500
0.391300 0.396800 0.211900
0.258300 0.188800 0.552900
0.768300 0.169600 0.062100
0.070000 0.785400 0.144600
0.826300 0.055700 0.118000
0.076400 0.595300 0.328300
0.090700 0.262300 0.647000
0.253400 0.531600 0.215000
0.647500 0.069600 0.282900
0.260300 0.221900 0.517800
0.629500 0.130800 0.239700
0.179200 0.287000 0.533800
0.706600 0.160000 0.133400
0.055000 0.781700 0.163300
0.845900 0.083900 0.070200
0.719300 0.077500 0.203200
0.155800 0.319900 0.524300
0.068400 0.422800 0.508800
0.334700 0.462600 0.202700
0.685700 0.201200 0.113100
0.339000 0.151600 0.509400
0.422800 0.375000 0.202200
0.603200 0.278600 0.118200
0.130300 0.321000 0.548700
0.068700 0.669400 0.261900
0.467000 0.065800 0.467200
0.202000 0.277100 0.520900
0.271200 0.462000 0.266800
0.498700 0.291600 0.209700
0.619000 0.244700 0.136300
0.549800 0.321600 0.128600
0.636500 0.276900 0.086600
0.364400 0.318200 0.317400
0.263200 0.529600 0.207200
0.859200 0.054700 0.086100
0.152600 0.355300 0.492100
0.720100 0.168600 0.111300
0.303900 0.506300 0.189800
0.170700 0.716200 0.113100
0.662400 0.229000 0.108600
0.457500 0.441500 0.101000
0.671500 0.093300 0.235200
0.303000 0.351800 0.345200
0.629400 0.245300 0.125300
0.562200 0.297400 0.140400
0.460800 0.381600 0.157600
0.838500 0.089500 0.072000
0.206200 0.506500 0.287300
0.333400 0.144900 0.521700
0.352400 0.346100 0.301500
0.463900 0.340800 0.195300
